0		1
0.1		0.997505
0.2		0.990083
0.3		0.977917
0.4		0.961306
0.5		0.940652
0.6		0.916444
0.7		0.889243
0.8		0.859658
0.9		0.828325
1		0.79589
1.1		0.76298
1.2		0.73019
1.3		0.698065
1.4		0.667081
1.5		0.637643
1.6		0.610067
1.7		0.584584
1.8		0.561337
1.9		0.540384
2		0.521702
2.1		0.505197
2.2		0.490714
2.3		0.478047
2.4		0.466951
2.5		0.457156
2.6		0.448379
2.7		0.440335
2.8		0.432747
2.9		0.425358
3		0.417939
3.1		0.410293
3.2		0.402265
3.3		0.393739
3.4		0.384643
3.5		0.374948
3.6		0.364667
3.7		0.353848
3.8		0.342574
3.9		0.330955
4		0.31912
4.1		0.307214
4.2		0.29539
4.3		0.2838
4.4		0.27259
4.5		0.261895
4.6		0.251834
4.7		0.242505
4.8		0.233982
4.9		0.226315
5		0.219525
5.1		0.213609
5.2		0.208539
5.3		0.204263
5.4		0.20071
5.5		0.197792
5.6		0.195408
5.7		0.193449
5.8		0.1918
5.9		0.190348
6		0.188981
6.1		0.187597
6.2		0.186102
6.3		0.184417
6.4		0.182475
6.5		0.180229
6.6		0.177648
6.7		0.174716
6.8		0.171438
6.9		0.16783
7		0.163926
7.1		0.159768
7.2		0.155411
7.3		0.150914
7.4		0.146341
7.5		0.141757
7.6		0.137228
7.7		0.132811
7.8		0.128563
7.9		0.12453
8		0.120748
8.1		0.117245
8.2		0.114038
8.3		0.111133
8.4		0.108526
8.5		0.106204
8.6		0.104144
8.7		0.102318
8.8		0.100691
8.9		0.0992253
9		0.0978803
9.1		0.0966156
9.2		0.0953919
9.3		0.0941728
9.4		0.0929258
9.5		0.0916237
9.6		0.0902453
9.7		0.0887757
9.8		0.0872069
9.9		0.0855375
10		0.0837725
10.1		0.0819228
10.2		0.0800043
10.3		0.0780371
10.4		0.0760444
10.5		0.0740516
10.6		0.0720846
10.7		0.0701693
10.8		0.0683302
10.9		0.0665892
11		0.0649651
11.1		0.0634729
11.2		0.062123
11.3		0.0609212
11.4		0.0598682
11.5		0.0589602
11.6		0.0581887
11.7		0.0575412
11.8		0.0570017
11.9		0.0565513
12		0.0561693
12.1		0.0558338
12.2		0.055523
12.3		0.0552153
12.4		0.0548911
12.5		0.0545329
12.6		0.0541262
12.7		0.0536601
12.8		0.0531275
12.9		0.0525255
13		0.0518553
13.1		0.0511221
13.2		0.0503349
13.3		0.0495058
13.4		0.0486496
13.5		0.0477829
13.6		0.0469236
13.7		0.0460897
13.8		0.0452987
13.9		0.0445664
14		0.0439069
14.1		0.043331
14.2		0.0428466
14.3		0.0424576
14.4		0.0421641
14.5		0.0419621
14.6		0.0418442
14.7		0.0417991
14.8		0.0418127
14.9		0.0418684
15		0.0419476
15.1		0.042031
15.2		0.0420985
15.3		0.0421307
15.4		0.042109
15.5		0.0420166
15.6		0.0418389
15.7		0.0415637
15.8		0.0411818
15.9		0.040687
16		0.0400764
16.1		0.0393497
16.2		0.0385098
16.3		0.037562
16.4		0.0365143
16.5		0.0353761
16.6		0.0341588
16.7		0.0328748
16.8		0.0315375
16.9		0.0301606
17		0.028758
17.1		0.0273435
17.2		0.0259304
17.3		0.0245313
17.4		0.0231582
17.5		0.0218221
17.6		0.0205328
17.7		0.0192989
17.8		0.0181279
17.9		0.017026
18		0.015998
18.1		0.0150474
18.2		0.0141764
18.3		0.013386
18.4		0.0126757
18.5		0.012044
18.6		0.0114884
18.7		0.0110053
18.8		0.0105902
18.9		0.0102379
19		0.00994263
19.1		0.00969823
19.2		0.00949818
19.3		0.00933586
19.4		0.00920468
19.5		0.00909819
19.6		0.0090102
19.7		0.00893495
19.8		0.00886711
19.9		0.00880191
20		0.0087352
20.1		0.00866343
20.2		0.00858373
20.3		0.00849388
20.4		0.00839229
20.5		0.00827801
20.6		0.00815068
20.7		0.00801051
20.8		0.00785821
20.9		0.00769498
21		0.00752244
21.1		0.00734261
21.2		0.00715786
21.3		0.00697084
21.4		0.00678449
21.5		0.00660197
21.6		0.00642659
21.7		0.00626182
21.8		0.00611122
21.9		0.00597835
22		0.00586674
22.1		0.00577983
22.2		0.00572084
22.3		0.00569276
22.4		0.0056982
22.5		0.00573931
22.6		0.00581773
22.7		0.00593445
22.8		0.0060898
22.9		0.00628333
23		0.00651379
23.1		0.00677915
23.2		0.00707653
23.3		0.00740227
23.4		0.007752
23.5		0.00812067
23.6		0.0085027
23.7		0.00889207
23.8		0.00928247
23.9		0.00966745
24		0.0100406
24.1		0.0103957
24.2		0.0107269
24.3		0.0110289
24.4		0.011297
24.5		0.0115273
24.6		0.0117171
24.7		0.0118643
24.8		0.0119683
24.9		0.0120294
25		0.0120491
25.1		0.0120302
25.2		0.0119762
25.3		0.0118918
25.4		0.0117825
25.5		0.0116542
25.6		0.0115136
25.7		0.0113672
25.8		0.0112216
25.9		0.0110832
26		0.0109578
26.1		0.0108503
26.2		0.0107648
26.3		0.0107041
26.4		0.0106698
26.5		0.0106622
26.6		0.0106802
26.7		0.0107212
26.8		0.0107815
26.9		0.0108565
27		0.0109405
27.1		0.0110271
27.2		0.0111098
27.3		0.0111819
27.4		0.011237
27.5		0.0112694
27.6		0.011274
27.7		0.011247
27.8		0.0111859
27.9		0.0110896
28		0.0109589
28.1		0.0107958
28.2		0.0106043
28.3		0.0103896
28.4		0.0101585
28.5		0.00991895
28.6		0.00967955
28.7		0.00944968
28.8		0.00923891
28.9		0.00905668
29		0.00891203
29.1		0.00881318
29.2		0.00876726
29.3		0.00878007
29.4		0.00885576
29.5		0.00899677
29.6		0.00920362
29.7		0.00947494
29.8		0.00980743
29.9		0.010196
30		0.0106337
30.1		0.0111124
30.2		0.0116224
30.3		0.0121531
30.4		0.0126932
30.5		0.0132311
30.6		0.0137549
30.7		0.0142534
30.8		0.0147157
30.9		0.0151318
31		0.015493
31.1		0.015792
31.2		0.0160231
31.3		0.0161824
31.4		0.0162677
31.5		0.016279
31.6		0.0162177
31.7		0.0160873
31.8		0.0158929
31.9		0.0156409
