 'hed'
 
1	0	-0.5
2	0	-0.5
3	0	-0.5
4	0	-0.5
5	0	-0.5
6	0	-0.5
7	0	-0.5
8	0	-0.5
9	0	0.5
10	0	0.5
11	0	0.5
12	0	0.5
13	0	0.5
14	0	0.5
15	0	0.5
16	0	0.5
 'hed'
 
1	2	-0.5
2	2	-0.5
3	2	-0.499999
4	2	-0.499949
5	2	-0.498793
6	2	-0.482167
7	2	-0.357675
8	2	-0.0250635
9	2	0.0250635
10	2	0.357675
11	2	0.482167
12	2	0.498793
13	2	0.499949
14	2	0.499999
15	2	0.5
16	2	0.5
 'hed'
 
1	4	-0.499981
2	4	-0.499754
3	4	-0.497342
4	4	-0.479896
5	4	-0.400862
6	4	-0.215815
7	4	-0.0832257
8	4	-0.078864
9	4	0.078864
10	4	0.0832257
11	4	0.215815
12	4	0.400862
13	4	0.479896
14	4	0.497342
15	4	0.499754
16	4	0.499981
 'hed'
 
1	6.1	-0.49432
2	6.1	-0.476877
3	6.1	-0.409514
4	6.1	-0.275301
5	6.1	-0.156524
6	6.1	-0.149401
7	6.1	-0.0811836
8	6.1	-0.015716
9	6.1	0.015716
10	6.1	0.0811836
11	6.1	0.149401
12	6.1	0.156524
13	6.1	0.275301
14	6.1	0.409514
15	6.1	0.476877
16	6.1	0.49432
 'hed'
 
1	8.1	-0.37699
2	8.1	-0.339781
3	8.1	-0.196747
4	8.1	-0.182705
5	8.1	-0.164015
6	8.1	-0.0794407
7	8.1	-0.0722213
8	8.1	-0.0108928
9	8.1	0.0108928
10	8.1	0.0722213
11	8.1	0.0794407
12	8.1	0.164015
13	8.1	0.182705
14	8.1	0.196747
15	8.1	0.339781
16	8.1	0.37699
 'hed'
 
1	10.1	0.078204
2	10.1	-0.302207
3	10.1	-0.177061
4	10.1	-0.129533
5	10.1	-0.10927
6	10.1	-0.0950016
7	10.1	-0.0304535
8	10.1	-0.0310398
9	10.1	0.0310398
10	10.1	0.0304535
11	10.1	0.0950016
12	10.1	0.10927
13	10.1	0.129533
14	10.1	0.177061
15	10.1	0.302207
16	10.1	-0.078204
 'hed'
 
1	12.1	0.368833
2	12.1	-0.0832265
3	12.1	-0.181027
4	12.1	-0.0551643
5	12.1	-0.0718801
6	12.1	-0.0748963
7	12.1	-0.0486154
8	12.1	0.000542248
9	12.1	-0.000542248
10	12.1	0.0486154
11	12.1	0.0748963
12	12.1	0.0718801
13	12.1	0.0551643
14	12.1	0.181027
15	12.1	0.0832265
16	12.1	-0.368833
 'hed'
 
1	14.1	0.371615
2	14.1	0.218958
3	14.1	-0.0266984
4	14.1	-0.0496348
5	14.1	0.0419804
6	14.1	-0.00664619
7	14.1	-0.0575062
8	14.1	-0.0203529
9	14.1	0.0203529
10	14.1	0.0575062
11	14.1	0.00664619
12	14.1	-0.0419804
13	14.1	0.0496348
14	14.1	0.0266984
15	14.1	-0.218958
16	14.1	-0.371615
 'hed'
 
1	16.1	0.444661
2	16.1	0.238154
3	16.1	0.130117
4	16.1	0.0657025
5	16.1	0.0645049
6	16.1	0.129652
7	16.1	0.0486532
8	16.1	-0.00801912
9	16.1	0.00801912
10	16.1	-0.0486532
11	16.1	-0.129652
12	16.1	-0.0645049
13	16.1	-0.0657025
14	16.1	-0.130117
15	16.1	-0.238154
16	16.1	-0.444661
 'hed'
 
1	18.1	0.446143
2	18.1	0.349415
3	18.1	0.205367
4	18.1	0.0927264
5	18.1	0.111013
6	18.1	0.150664
7	18.1	0.168812
8	18.1	0.197244
9	18.1	-0.197244
10	18.1	-0.168812
11	18.1	-0.150664
12	18.1	-0.111013
13	18.1	-0.0927264
14	18.1	-0.205367
15	18.1	-0.349415
16	18.1	-0.446143
 'hed'
 
1	20	0.468477
2	20	0.379194
3	20	0.256759
4	20	0.161397
5	20	0.129566
6	20	0.146114
7	20	0.106106
8	20	0.0693575
9	20	-0.0693575
10	20	-0.106106
11	20	-0.146114
12	20	-0.129566
13	20	-0.161397
14	20	-0.256759
15	20	-0.379194
16	20	-0.468477
 'hed'
 
1	22	0.481433
2	22	0.387588
3	22	0.266489
4	22	0.209981
5	22	0.200882
6	22	-0.0412331
7	22	-0.0169788
8	22	-0.00968696
9	22	0.00968696
10	22	0.0169788
11	22	0.0412331
12	22	-0.200882
13	22	-0.209981
14	22	-0.266489
15	22	-0.387588
16	22	-0.481433
 'hed'
 
1	24	0.430947
2	24	0.369558
3	24	0.297495
4	24	0.255467
5	24	-0.0546125
6	24	-0.0258873
7	24	-0.019133
8	24	0.00961928
9	24	-0.00961928
10	24	0.019133
11	24	0.0258873
12	24	0.0546125
13	24	-0.255467
14	24	-0.297495
15	24	-0.369558
16	24	-0.430947
 'hed'
 
1	26	0.284644
2	26	0.377498
3	26	0.243657
4	26	0.0805735
5	26	0.0495097
6	26	-0.0450609
7	26	-0.0182851
8	26	-0.00188576
9	26	0.00188576
10	26	0.0182851
11	26	0.0450609
12	26	-0.0495097
13	26	-0.0805735
14	26	-0.243657
15	26	-0.377498
16	26	-0.284644
 'hed'
 
1	28	0.0593802
2	28	0.380754
3	28	0.057032
4	28	0.160128
5	28	0.00963632
6	28	-0.0190187
7	28	0.00734534
8	28	-0.00168522
9	28	0.00168522
10	28	-0.00734534
11	28	0.0190187
12	28	-0.00963632
13	28	-0.160128
14	28	-0.057032
15	28	-0.380754
16	28	-0.0593802
 'hed'
 
1	30	-0.188493
2	30	0.371131
3	30	0.108706
4	30	-0.0944076
5	30	0.0581392
6	30	0.0187425
7	30	0.0218754
8	30	0.0263498
9	30	-0.0263498
10	30	-0.0218754
11	30	-0.0187425
12	30	-0.0581392
13	30	0.0944076
14	30	-0.108706
15	30	-0.371131
16	30	0.188493
