 'hed'
 
1	0	-0.5
2	0	-0.5
3	0	-0.5
4	0	-0.5
5	0	-0.5
6	0	-0.5
7	0	-0.5
8	0	-0.5
9	0	0.5
10	0	0.5
11	0	0.5
12	0	0.5
13	0	0.5
14	0	0.5
15	0	0.5
16	0	0.5
 'hed'
 
1	0.5	-0.5
2	0.5	-0.5
3	0.5	-0.5
4	0.5	-0.5
5	0.5	-0.5
6	0.5	-0.499996
7	0.5	-0.499628
8	0.5	-0.487489
9	0.5	0.487489
10	0.5	0.499628
11	0.5	0.499996
12	0.5	0.5
13	0.5	0.5
14	0.5	0.5
15	0.5	0.5
16	0.5	0.5
 'hed'
 
1	0.6	-0.5
2	0.6	-0.5
3	0.6	-0.5
4	0.6	-0.5
5	0.6	-0.5
6	0.6	-0.499992
7	0.6	-0.499506
8	0.6	-0.492972
9	0.6	0.492972
10	0.6	0.499506
11	0.6	0.499992
12	0.6	0.5
13	0.6	0.5
14	0.6	0.5
15	0.6	0.5
16	0.6	0.5
 'hed'
 
1	1.1	-0.5
2	1.1	-0.5
3	1.1	-0.5
4	1.1	-0.5
5	1.1	-0.499997
6	1.1	-0.49993
7	1.1	-0.499214
8	1.1	-0.488653
9	1.1	0.488653
10	1.1	0.499214
11	1.1	0.49993
12	1.1	0.499997
13	1.1	0.5
14	1.1	0.5
15	1.1	0.5
16	1.1	0.5
 'hed'
 
1	1.5	-0.5
2	1.5	-0.5
3	1.5	-0.5
4	1.5	-0.499999
5	1.5	-0.499986
6	1.5	-0.499781
7	1.5	-0.498606
8	1.5	-0.496844
9	1.5	0.496844
10	1.5	0.498606
11	1.5	0.499781
12	1.5	0.499986
13	1.5	0.499999
14	1.5	0.5
15	1.5	0.5
16	1.5	0.5
 'hed'
 
1	2	-0.5
2	2	-0.5
3	2	-0.5
4	2	-0.499996
5	2	-0.499935
6	2	-0.499519
7	2	-0.498564
8	2	-0.492235
9	2	0.492235
10	2	0.498564
11	2	0.499519
12	2	0.499935
13	2	0.499996
14	2	0.5
15	2	0.5
16	2	0.5
 'hed'
 
1	2.5	-0.5
2	2.5	-0.5
3	2.5	-0.499999
4	2.5	-0.499979
5	2.5	-0.499816
6	2.5	-0.49921
7	2.5	-0.499207
8	2.5	-0.494179
9	2.5	0.494179
10	2.5	0.499207
11	2.5	0.49921
12	2.5	0.499816
13	2.5	0.499979
14	2.5	0.499999
15	2.5	0.5
16	2.5	0.5
 'hed'
 
1	3	-0.5
2	3	-0.499999
3	3	-0.499993
4	3	-0.499932
5	3	-0.499625
6	3	-0.49906
7	3	-0.499343
8	3	-0.492963
9	3	0.492963
10	3	0.499343
11	3	0.49906
12	3	0.499625
13	3	0.499932
14	3	0.499993
15	3	0.499999
16	3	0.5
 'hed'
 
1	3.5	-0.5
2	3.5	-0.499997
3	3.5	-0.499975
4	3.5	-0.499837
5	3.5	-0.499412
6	3.5	-0.499183
7	3.5	-0.499902
8	3.5	-0.496685
9	3.5	0.496685
10	3.5	0.499902
11	3.5	0.499183
12	3.5	0.499412
13	3.5	0.499837
14	3.5	0.499975
15	3.5	0.499997
16	3.5	0.5
 'hed'
 
1	4	-0.5
2	4	-0.499989
3	4	-0.499933
4	4	-0.49969
5	4	-0.499271
6	4	-0.499466
7	4	-0.4999
8	4	-0.491209
9	4	0.491209
10	4	0.4999
11	4	0.499466
12	4	0.499271
13	4	0.49969
14	4	0.499933
15	4	0.499989
16	4	0.5
 'hed'
 
1	4.5	-0.499999
2	4.5	-0.499967
3	4.5	-0.499855
4	4.5	-0.499522
5	4.5	-0.49929
6	4.5	-0.499812
7	4.5	-0.499853
8	4.5	-0.494325
9	4.5	0.494325
10	4.5	0.499853
11	4.5	0.499812
12	4.5	0.49929
13	4.5	0.499522
14	4.5	0.499855
15	4.5	0.499967
16	4.5	0.499999
 'hed'
 
1	4.6	-0.499999
2	4.6	-0.49996
3	4.6	-0.499835
4	4.6	-0.499491
5	4.6	-0.499315
6	4.6	-0.49986
7	4.6	-0.499784
8	4.6	-0.492599
9	4.6	0.492599
10	4.6	0.499784
11	4.6	0.49986
12	4.6	0.499315
13	4.6	0.499491
14	4.6	0.499835
15	4.6	0.49996
16	4.6	0.499999
 'hed'
 
1	5.1	-0.499998
2	5.1	-0.4999
3	5.1	-0.499717
4	5.1	-0.49938
5	5.1	-0.499526
6	5.1	-0.499997
7	5.1	-0.499505
8	5.1	-0.495156
9	5.1	0.495156
10	5.1	0.499505
11	5.1	0.499997
12	5.1	0.499526
13	5.1	0.49938
14	5.1	0.499717
15	5.1	0.4999
16	5.1	0.499998
 'hed'
 
1	5.6	-0.499997
2	5.6	-0.499789
3	5.6	-0.499597
4	5.6	-0.499384
5	5.6	-0.499791
6	5.6	-0.499916
7	5.6	-0.4994
8	5.6	-0.494158
9	5.6	0.494158
10	5.6	0.4994
11	5.6	0.499916
12	5.6	0.499791
13	5.6	0.499384
14	5.6	0.499597
15	5.6	0.499789
16	5.6	0.499997
 'hed'
 
1	6.1	-0.499994
2	6.1	-0.499613
3	6.1	-0.499527
4	6.1	-0.499515
5	6.1	-0.499971
6	6.1	-0.499732
7	6.1	-0.499833
8	6.1	-0.494306
9	6.1	0.494306
10	6.1	0.499833
11	6.1	0.499732
12	6.1	0.499971
13	6.1	0.499515
14	6.1	0.499527
15	6.1	0.499613
16	6.1	0.499994
 'hed'
 
1	6.6	-0.49999
2	6.6	-0.499378
3	6.6	-0.499554
4	6.6	-0.49972
5	6.6	-0.49998
6	6.6	-0.499609
7	6.6	-0.499863
8	6.6	-0.492139
9	6.6	0.492139
10	6.6	0.499863
11	6.6	0.499609
12	6.6	0.49998
13	6.6	0.49972
14	6.6	0.499554
15	6.6	0.499378
16	6.6	0.49999
 'hed'
 
1	7.1	-0.499986
2	7.1	-0.499119
3	7.1	-0.499686
4	7.1	-0.499906
5	7.1	-0.499845
6	7.1	-0.499676
7	7.1	-0.499977
8	7.1	-0.496234
9	7.1	0.496234
10	7.1	0.499977
11	7.1	0.499676
12	7.1	0.499845
13	7.1	0.499906
14	7.1	0.499686
15	7.1	0.499119
16	7.1	0.499986
 'hed'
 
1	7.6	-0.499982
2	7.6	-0.498898
3	7.6	-0.499865
4	7.6	-0.499995
5	7.6	-0.499681
6	7.6	-0.499829
7	7.6	-0.499795
8	7.6	-0.493012
9	7.6	0.493012
10	7.6	0.499795
11	7.6	0.499829
12	7.6	0.499681
13	7.6	0.499995
14	7.6	0.499865
15	7.6	0.498898
16	7.6	0.499982
 'hed'
 
1	8.1	-0.49998
2	8.1	-0.498787
3	8.1	-0.49998
4	8.1	-0.49998
5	8.1	-0.499609
6	8.1	-0.499973
7	8.1	-0.499839
8	8.1	-0.493713
9	8.1	0.493713
10	8.1	0.499839
11	8.1	0.499973
12	8.1	0.499609
13	8.1	0.49998
14	8.1	0.49998
15	8.1	0.498787
16	8.1	0.49998
 'hed'
 
1	8.6	-0.499981
2	8.6	-0.498839
3	8.6	-0.499919
4	8.6	-0.499924
5	8.6	-0.499669
6	8.6	-0.499978
7	8.6	-0.499637
8	8.6	-0.49422
9	8.6	0.49422
10	8.6	0.499637
11	8.6	0.499978
12	8.6	0.499669
13	8.6	0.499924
14	8.6	0.499919
15	8.6	0.498839
16	8.6	0.499981
 'hed'
 
1	9.1	-0.499985
2	9.1	-0.499055
3	9.1	-0.499644
4	9.1	-0.499906
5	9.1	-0.499808
6	9.1	-0.499856
7	9.1	-0.499709
8	9.1	-0.494739
9	9.1	0.494739
10	9.1	0.499709
11	9.1	0.499856
12	9.1	0.499808
13	9.1	0.499906
14	9.1	0.499644
15	9.1	0.499055
16	9.1	0.499985
 'hed'
 
1	9.6	-0.49999
2	9.6	-0.499376
3	9.6	-0.499235
4	9.6	-0.499945
5	9.6	-0.499935
6	9.6	-0.499687
7	9.6	-0.499953
8	9.6	-0.49379
9	9.6	0.49379
10	9.6	0.499953
11	9.6	0.499687
12	9.6	0.499935
13	9.6	0.499945
14	9.6	0.499235
15	9.6	0.499376
16	9.6	0.49999
 'hed'
 
1	10.1	-0.499995
2	10.1	-0.499698
3	10.1	-0.498868
4	10.1	-0.499978
5	10.1	-0.499991
6	10.1	-0.499597
7	10.1	-0.499947
8	10.1	-0.492944
9	10.1	0.492944
10	10.1	0.499947
11	10.1	0.499597
12	10.1	0.499991
13	10.1	0.499978
14	10.1	0.498868
15	10.1	0.499698
16	10.1	0.499995
 'hed'
 
1	10.6	-0.499999
2	10.6	-0.499923
3	10.6	-0.498725
4	10.6	-0.499898
5	10.6	-0.49999
6	10.6	-0.499654
7	10.6	-0.499892
8	10.6	-0.495517
9	10.6	0.495517
10	10.6	0.499892
11	10.6	0.499654
12	10.6	0.49999
13	10.6	0.499898
14	10.6	0.498725
15	10.6	0.499923
16	10.6	0.499999
 'hed'
 
1	11.1	-0.5
2	11.1	-0.499998
3	11.1	-0.498888
4	11.1	-0.499652
5	11.1	-0.49998
6	11.1	-0.499761
7	11.1	-0.499625
8	11.1	-0.493345
9	11.1	0.493345
10	11.1	0.499625
11	11.1	0.499761
12	11.1	0.49998
13	11.1	0.499652
14	11.1	0.498888
15	11.1	0.499998
16	11.1	0.5
 'hed'
 
1	11.6	-0.499999
2	11.6	-0.499942
3	11.6	-0.499283
4	11.6	-0.49931
5	11.6	-0.499979
6	11.6	-0.49988
7	11.6	-0.499747
8	11.6	-0.494585
9	11.6	0.494585
10	11.6	0.499747
11	11.6	0.49988
12	11.6	0.499979
13	11.6	0.49931
14	11.6	0.499283
15	11.6	0.499942
16	11.6	0.499999
 'hed'
 
1	12.1	-0.499997
2	12.1	-0.499831
3	12.1	-0.499712
4	12.1	-0.499038
5	12.1	-0.49995
6	12.1	-0.49995
7	12.1	-0.49952
8	12.1	-0.492455
9	12.1	0.492455
10	12.1	0.49952
11	12.1	0.49995
12	12.1	0.49995
13	12.1	0.499038
14	12.1	0.499712
15	12.1	0.499831
16	12.1	0.499997
 'hed'
 
1	12.6	-0.499996
2	12.6	-0.499751
3	12.6	-0.499971
4	12.6	-0.499
5	12.6	-0.49984
6	12.6	-0.49996
7	12.6	-0.499659
8	12.6	-0.496203
9	12.6	0.496203
10	12.6	0.499659
11	12.6	0.49996
12	12.6	0.49984
13	12.6	0.499
14	12.6	0.499971
15	12.6	0.499751
16	12.6	0.499996
 'hed'
 
1	13.1	-0.499996
2	13.1	-0.499754
3	13.1	-0.499963
4	13.1	-0.499235
5	13.1	-0.499649
6	13.1	-0.499946
7	13.1	-0.499925
8	13.1	-0.492971
9	13.1	0.492971
10	13.1	0.499925
11	13.1	0.499946
12	13.1	0.499649
13	13.1	0.499235
14	13.1	0.499963
15	13.1	0.499754
16	13.1	0.499996
 'hed'
 
1	13.6	-0.499997
2	13.6	-0.499833
3	13.6	-0.499753
4	13.6	-0.499614
5	13.6	-0.499469
6	13.6	-0.499906
7	13.6	-0.499908
8	13.6	-0.49117
9	13.6	0.49117
10	13.6	0.499908
11	13.6	0.499906
12	13.6	0.499469
13	13.6	0.499614
14	13.6	0.499753
15	13.6	0.499833
16	13.6	0.499997
 'hed'
 
1	14.1	-0.499999
2	14.1	-0.499932
3	14.1	-0.499516
4	14.1	-0.499921
5	14.1	-0.499422
6	14.1	-0.499781
7	14.1	-0.499959
8	14.1	-0.49768
9	14.1	0.49768
10	14.1	0.499959
11	14.1	0.499781
12	14.1	0.499422
13	14.1	0.499921
14	14.1	0.499516
15	14.1	0.499932
16	14.1	0.499999
 'hed'
 
1	14.6	-0.5
2	14.6	-0.499994
3	14.6	-0.499419
4	14.6	-0.499993
5	14.6	-0.499567
6	14.6	-0.499591
7	14.6	-0.499926
8	14.6	-0.491016
9	14.6	0.491016
10	14.6	0.499926
11	14.6	0.499591
12	14.6	0.499567
13	14.6	0.499993
14	14.6	0.499419
15	14.6	0.499994
16	14.6	0.5
 'hed'
 
1	15.1	-0.5
2	15.1	-0.499988
3	15.1	-0.499517
4	15.1	-0.499836
5	15.1	-0.499818
6	15.1	-0.49934
7	15.1	-0.499973
8	15.1	-0.492948
9	15.1	0.492948
10	15.1	0.499973
11	15.1	0.49934
12	15.1	0.499818
13	15.1	0.499836
14	15.1	0.499517
15	15.1	0.499988
16	15.1	0.5
 'hed'
 
1	15.6	-0.499999
2	15.6	-0.499933
3	15.6	-0.499732
4	15.6	-0.499614
5	15.6	-0.499977
6	15.6	-0.499143
7	15.6	-0.499896
8	15.6	-0.496689
9	15.6	0.496689
10	15.6	0.499896
11	15.6	0.499143
12	15.6	0.499977
13	15.6	0.499614
14	15.6	0.499732
15	15.6	0.499933
16	15.6	0.499999
 'hed'
 
1	16.1	-0.499998
2	16.1	-0.499873
3	16.1	-0.499925
4	16.1	-0.499523
5	16.1	-0.499868
6	16.1	-0.499156
7	16.1	-0.499921
8	16.1	-0.491211
9	16.1	0.491211
10	16.1	0.499921
11	16.1	0.499156
12	16.1	0.499868
13	16.1	0.499523
14	16.1	0.499925
15	16.1	0.499873
16	16.1	0.499998
 'hed'
 
1	16.6	-0.499998
2	16.6	-0.499846
3	16.6	-0.499998
4	16.6	-0.499642
5	16.6	-0.499467
6	16.6	-0.499316
7	16.6	-0.499976
8	16.6	-0.494513
9	16.6	0.494513
10	16.6	0.499976
11	16.6	0.499316
12	16.6	0.499467
13	16.6	0.499642
14	16.6	0.499998
15	16.6	0.499846
16	16.6	0.499998
 'hed'
 
1	17.1	-0.499998
2	17.1	-0.499864
3	17.1	-0.499956
4	17.1	-0.499866
5	17.1	-0.49895
6	17.1	-0.499608
7	17.1	-0.499933
8	17.1	-0.495275
9	17.1	0.495275
10	17.1	0.499933
11	17.1	0.499608
12	17.1	0.49895
13	17.1	0.499866
14	17.1	0.499956
15	17.1	0.499864
16	17.1	0.499998
 'hed'
 
1	17.6	-0.499999
2	17.6	-0.499906
3	17.6	-0.499885
4	17.6	-0.499983
5	17.6	-0.498584
6	17.6	-0.49987
7	17.6	-0.499899
8	17.6	-0.491729
9	17.6	0.491729
10	17.6	0.499899
11	17.6	0.49987
12	17.6	0.498584
13	17.6	0.499983
14	17.6	0.499885
15	17.6	0.499906
16	17.6	0.499999
 'hed'
 
1	18.1	-0.499999
2	18.1	-0.499946
3	18.1	-0.499873
4	18.1	-0.499833
5	18.1	-0.49857
6	18.1	-0.499982
7	18.1	-0.499962
8	18.1	-0.495683
9	18.1	0.495683
10	18.1	0.499962
11	18.1	0.499982
12	18.1	0.49857
13	18.1	0.499833
14	18.1	0.499873
15	18.1	0.499946
16	18.1	0.499999
 'hed'
 
1	18.6	-0.5
2	18.6	-0.499966
3	18.6	-0.499931
4	18.6	-0.499428
5	18.6	-0.498911
6	18.6	-0.499964
7	18.6	-0.49978
8	18.6	-0.493528
9	18.6	0.493528
10	18.6	0.49978
11	18.6	0.499964
12	18.6	0.498911
13	18.6	0.499428
14	18.6	0.499931
15	18.6	0.499966
16	18.6	0.5
 'hed'
 
1	19	-0.5
2	19	-0.499969
3	19	-0.499982
4	19	-0.499048
5	19	-0.499309
6	19	-0.499918
7	19	-0.499898
8	19	-0.494591
9	19	0.494591
10	19	0.499898
11	19	0.499918
12	19	0.499309
13	19	0.499048
14	19	0.499982
15	19	0.499969
16	19	0.5
 'hed'
 
1	19.5	-0.499999
2	19.5	-0.49996
3	19.5	-0.49997
4	19.5	-0.498715
5	19.5	-0.499756
6	19.5	-0.499884
7	19.5	-0.49962
8	19.5	-0.493768
9	19.5	0.493768
10	19.5	0.49962
11	19.5	0.499884
12	19.5	0.499756
13	19.5	0.498715
14	19.5	0.49997
15	19.5	0.49996
16	19.5	0.499999
 'hed'
 
1	20	-0.499999
2	20	-0.499936
3	20	-0.499832
4	20	-0.498699
5	20	-0.499978
6	20	-0.499912
7	20	-0.499673
8	20	-0.495042
9	20	0.495042
10	20	0.499673
11	20	0.499912
12	20	0.499978
13	20	0.498699
14	20	0.499832
15	20	0.499936
16	20	0.499999
 'hed'
 
1	20.5	-0.499998
2	20.5	-0.499875
3	20.5	-0.499614
4	20.5	-0.498993
5	20.5	-0.499959
6	20.5	-0.499976
7	20.5	-0.499784
8	20.5	-0.492988
9	20.5	0.492988
10	20.5	0.499784
11	20.5	0.499976
12	20.5	0.499959
13	20.5	0.498993
14	20.5	0.499614
15	20.5	0.499875
16	20.5	0.499998
 'hed'
 
1	21	-0.499995
2	21	-0.499748
3	21	-0.499438
4	21	-0.499429
5	21	-0.499824
6	21	-0.499987
7	21	-0.499734
8	21	-0.493197
9	21	0.493197
10	21	0.499734
11	21	0.499987
12	21	0.499824
13	21	0.499429
14	21	0.499438
15	21	0.499748
16	21	0.499995
 'hed'
 
1	21.5	-0.499992
2	21.5	-0.499545
3	21.5	-0.499416
4	21.5	-0.499793
5	21.5	-0.499726
6	21.5	-0.499935
7	21.5	-0.499973
8	21.5	-0.496562
9	21.5	0.496562
10	21.5	0.499973
11	21.5	0.499935
12	21.5	0.499726
13	21.5	0.499793
14	21.5	0.499416
15	21.5	0.499545
16	21.5	0.499992
 'hed'
 
1	22	-0.499988
2	22	-0.499297
3	22	-0.499569
4	22	-0.499964
5	22	-0.499739
6	22	-0.499847
7	22	-0.499867
8	22	-0.490596
9	22	0.490596
10	22	0.499867
11	22	0.499847
12	22	0.499739
13	22	0.499964
14	22	0.499569
15	22	0.499297
16	22	0.499988
 'hed'
 
1	22.5	-0.499985
2	22.5	-0.49907
3	22.5	-0.499805
4	22.5	-0.499959
5	22.5	-0.49983
6	22.5	-0.499826
7	22.5	-0.499846
8	22.5	-0.495344
9	22.5	0.495344
10	22.5	0.499846
11	22.5	0.499826
12	22.5	0.49983
13	22.5	0.499959
14	22.5	0.499805
15	22.5	0.49907
16	22.5	0.499985
 'hed'
 
1	23	-0.499983
2	23	-0.498945
3	23	-0.499969
4	23	-0.499893
5	23	-0.499923
6	23	-0.49987
7	23	-0.499319
8	23	-0.494166
9	23	0.494166
10	23	0.499319
11	23	0.49987
12	23	0.499923
13	23	0.499893
14	23	0.499969
15	23	0.498945
16	23	0.499983
 'hed'
 
1	23.5	-0.499983
2	23.5	-0.498972
3	23.5	-0.499947
4	23.5	-0.49987
5	23.5	-0.499963
6	23.5	-0.499949
7	23.5	-0.499362
8	23.5	-0.494315
9	23.5	0.494315
10	23.5	0.499362
11	23.5	0.499949
12	23.5	0.499963
13	23.5	0.49987
14	23.5	0.499947
15	23.5	0.498972
16	23.5	0.499983
 'hed'
 
1	24	-0.499987
2	24	-0.499149
3	24	-0.499727
4	24	-0.499914
5	24	-0.499958
6	24	-0.499994
7	24	-0.499436
8	24	-0.492902
9	24	0.492902
10	24	0.499436
11	24	0.499994
12	24	0.499958
13	24	0.499914
14	24	0.499727
15	24	0.499149
16	24	0.499987
 'hed'
 
1	24.5	-0.499991
2	24.5	-0.499419
3	24.5	-0.499413
4	24.5	-0.499972
5	24.5	-0.499945
6	24.5	-0.499963
7	24.5	-0.499428
8	24.5	-0.493862
9	24.5	0.493862
10	24.5	0.499428
11	24.5	0.499963
12	24.5	0.499945
13	24.5	0.499972
14	24.5	0.499413
15	24.5	0.499419
16	24.5	0.499991
 'hed'
 
1	25	-0.499995
2	25	-0.499693
3	25	-0.499153
4	25	-0.49997
5	25	-0.499939
6	25	-0.499894
7	25	-0.499917
8	25	-0.496419
9	25	0.496419
10	25	0.499917
11	25	0.499894
12	25	0.499939
13	25	0.49997
14	25	0.499153
15	25	0.499693
16	25	0.499995
 'hed'
 
1	25.5	-0.499999
2	25.5	-0.499894
3	25.5	-0.499064
4	25.5	-0.499883
5	25.5	-0.499915
6	25.5	-0.499855
7	25.5	-0.499946
8	25.5	-0.489253
9	25.5	0.489253
10	25.5	0.499946
11	25.5	0.499855
12	25.5	0.499915
13	25.5	0.499883
14	25.5	0.499064
15	25.5	0.499894
16	25.5	0.499999
 'hed'
 
1	26	-0.5
2	26	-0.499984
3	26	-0.499173
4	26	-0.499749
5	26	-0.499841
6	26	-0.499889
7	26	-0.499909
8	26	-0.495991
9	26	0.495991
10	26	0.499909
11	26	0.499889
12	26	0.499841
13	26	0.499749
14	26	0.499173
15	26	0.499984
16	26	0.5
 'hed'
 
1	26.5	-0.5
2	26.5	-0.499973
3	26.5	-0.499418
4	26.5	-0.499643
5	26.5	-0.499722
6	26.5	-0.499892
7	26.5	-0.499483
8	26.5	-0.494591
9	26.5	0.494591
10	26.5	0.499483
11	26.5	0.499892
12	26.5	0.499722
13	26.5	0.499643
14	26.5	0.499418
15	26.5	0.499973
16	26.5	0.5
 'hed'
 
1	27	-0.499999
2	27	-0.499904
3	27	-0.499691
4	27	-0.499617
5	27	-0.499618
6	27	-0.499784
7	27	-0.499604
8	27	-0.492272
9	27	0.492272
10	27	0.499604
11	27	0.499784
12	27	0.499618
13	27	0.499617
14	27	0.499691
15	27	0.499904
16	27	0.499999
 'hed'
 
1	27.5	-0.499997
2	27.5	-0.49983
3	27.5	-0.499897
4	27.5	-0.499674
5	27.5	-0.499599
6	27.5	-0.499455
7	27.5	-0.499573
8	27.5	-0.494162
9	27.5	0.494162
10	27.5	0.499573
11	27.5	0.499455
12	27.5	0.499599
13	27.5	0.499674
14	27.5	0.499897
15	27.5	0.49983
16	27.5	0.499997
 'hed'
 
1	28	-0.499997
2	28	-0.49979
3	28	-0.499991
4	28	-0.499774
5	28	-0.499691
6	28	-0.499033
7	28	-0.499704
8	28	-0.495425
9	28	0.495425
10	28	0.499704
11	28	0.499033
12	28	0.499691
13	28	0.499774
14	28	0.499991
15	28	0.49979
16	28	0.499997
 'hed'
 
1	28.5	-0.499997
2	28.5	-0.499798
3	28.5	-0.499978
4	28.5	-0.49987
5	28.5	-0.499849
6	28.5	-0.498687
7	28.5	-0.49997
8	28.5	-0.493125
9	28.5	0.493125
10	28.5	0.49997
11	28.5	0.498687
12	28.5	0.499849
13	28.5	0.49987
14	28.5	0.499978
15	28.5	0.499798
16	28.5	0.499997
 'hed'
 
1	29	-0.499998
2	29	-0.499847
3	29	-0.499898
4	29	-0.499935
5	29	-0.499972
6	29	-0.498573
7	29	-0.499872
8	29	-0.493446
9	29	0.493446
10	29	0.499872
11	29	0.498573
12	29	0.499972
13	29	0.499935
14	29	0.499898
15	29	0.499847
16	29	0.499998
 'hed'
 
1	29.5	-0.499999
2	29.5	-0.499912
3	29.5	-0.4998
4	29.5	-0.499969
5	29.5	-0.49999
6	29.5	-0.498844
7	29.5	-0.499672
8	29.5	-0.495238
9	29.5	0.495238
10	29.5	0.499672
11	29.5	0.498844
12	29.5	0.49999
13	29.5	0.499969
14	29.5	0.4998
15	29.5	0.499912
16	29.5	0.499999
 'hed'
 
1	30	-0.499999
2	30	-0.499969
3	30	-0.499721
4	30	-0.499984
5	30	-0.499898
6	30	-0.499273
7	30	-0.499081
8	30	-0.492188
9	30	0.492188
10	30	0.499081
11	30	0.499273
12	30	0.499898
13	30	0.499984
14	30	0.499721
15	30	0.499969
16	30	0.499999
 'hed'
 
1	30.5	-0.5
2	30.5	-0.499998
3	30.5	-0.499681
4	30.5	-0.499993
5	30.5	-0.499762
6	30.5	-0.49968
7	30.5	-0.499381
8	30.5	-0.497026
9	30.5	0.497026
10	30.5	0.499381
11	30.5	0.49968
12	30.5	0.499762
13	30.5	0.499993
14	30.5	0.499681
15	30.5	0.499998
16	30.5	0.5
 'hed'
 
1	31	-0.5
2	31	-0.49999
3	31	-0.499685
4	31	-0.499997
5	31	-0.499662
6	31	-0.499911
7	31	-0.499366
8	31	-0.489086
9	31	0.489086
10	31	0.499366
11	31	0.499911
12	31	0.499662
13	31	0.499997
14	31	0.499685
15	31	0.49999
16	31	0.5
 'hed'
 
1	31.5	-0.499999
2	31.5	-0.499945
3	31.5	-0.499726
4	31.5	-0.499999
5	31.5	-0.499642
6	31.5	-0.499921
7	31.5	-0.4997
8	31.5	-0.495653
9	31.5	0.495653
10	31.5	0.4997
11	31.5	0.499921
12	31.5	0.499642
13	31.5	0.499999
14	31.5	0.499726
15	31.5	0.499945
16	31.5	0.499999
 'hed'
 
1	32	-0.499998
2	32	-0.499874
3	32	-0.49979
4	32	-0.499998
5	32	-0.499687
6	32	-0.49983
7	32	-0.499912
8	32	-0.494854
9	32	0.494854
10	32	0.499912
11	32	0.49983
12	32	0.499687
13	32	0.499998
14	32	0.49979
15	32	0.499874
16	32	0.499998
 'hed'
 
1	32.5	-0.499997
2	32.5	-0.499791
3	32.5	-0.499863
4	32.5	-0.499995
5	32.5	-0.499749
6	32.5	-0.499796
7	32.5	-0.499723
8	32.5	-0.48833
9	32.5	0.48833
10	32.5	0.499723
11	32.5	0.499796
12	32.5	0.499749
13	32.5	0.499995
14	32.5	0.499863
15	32.5	0.499791
16	32.5	0.499997
 'hed'
 
1	33	-0.499995
2	33	-0.499713
3	33	-0.499928
4	33	-0.499987
5	33	-0.499795
6	33	-0.499865
7	33	-0.499326
8	33	-0.497369
9	33	0.497369
10	33	0.499326
11	33	0.499865
12	33	0.499795
13	33	0.499987
14	33	0.499928
15	33	0.499713
16	33	0.499995
 'hed'
 
1	33.5	-0.499995
2	33.5	-0.499654
3	33.5	-0.499975
4	33.5	-0.49997
5	33.5	-0.49982
6	33.5	-0.499945
7	33.5	-0.498496
8	33.5	-0.493143
9	33.5	0.493143
10	33.5	0.498496
11	33.5	0.499945
12	33.5	0.49982
13	33.5	0.49997
14	33.5	0.499975
15	33.5	0.499654
16	33.5	0.499995
 'hed'
 
1	34	-0.499994
2	34	-0.499623
3	34	-0.499997
4	34	-0.499936
5	34	-0.499837
6	34	-0.499967
7	34	-0.498877
8	34	-0.494351
9	34	0.494351
10	34	0.498877
11	34	0.499967
12	34	0.499837
13	34	0.499936
14	34	0.499997
15	34	0.499623
16	34	0.499994
 'hed'
 
1	34.5	-0.499994
2	34.5	-0.49962
3	34.5	-0.499998
4	34.5	-0.49988
5	34.5	-0.499855
6	34.5	-0.499869
7	34.5	-0.498878
8	34.5	-0.491627
9	34.5	0.491627
10	34.5	0.498878
11	34.5	0.499869
12	34.5	0.499855
13	34.5	0.49988
14	34.5	0.499998
15	34.5	0.49962
16	34.5	0.499994
 'hed'
 
1	35	-0.499995
2	35	-0.499639
3	35	-0.499988
4	35	-0.4998
5	35	-0.499869
6	35	-0.499755
7	35	-0.499363
8	35	-0.496683
9	35	0.496683
10	35	0.499363
11	35	0.499755
12	35	0.499869
13	35	0.4998
14	35	0.499988
15	35	0.499639
16	35	0.499995
 'hed'
 
1	35.5	-0.499995
2	35.5	-0.499669
3	35.5	-0.499979
4	35.5	-0.499696
5	35.5	-0.499872
6	35.5	-0.499695
7	35.5	-0.499952
8	35.5	-0.493197
9	35.5	0.493197
10	35.5	0.499952
11	35.5	0.499695
12	35.5	0.499872
13	35.5	0.499696
14	35.5	0.499979
15	35.5	0.499669
16	35.5	0.499995
 'hed'
 
1	36	-0.499996
2	36	-0.499697
3	36	-0.499981
4	36	-0.499576
5	36	-0.499875
6	36	-0.499764
7	36	-0.499961
8	36	-0.489462
9	36	0.489462
10	36	0.499961
11	36	0.499764
12	36	0.499875
13	36	0.499576
14	36	0.499981
15	36	0.499697
16	36	0.499996
 'hed'
 
1	36.5	-0.499996
2	36.5	-0.499716
3	36.5	-0.499992
4	36.5	-0.499463
5	36.5	-0.49989
6	36.5	-0.499909
7	36.5	-0.499651
8	36.5	-0.497818
9	36.5	0.497818
10	36.5	0.499651
11	36.5	0.499909
12	36.5	0.49989
13	36.5	0.499463
14	36.5	0.499992
15	36.5	0.499716
16	36.5	0.499996
 'hed'
 
1	37	-0.499996
2	37	-0.499723
3	37	-0.5
4	37	-0.499396
5	37	-0.499914
6	37	-0.499989
7	37	-0.499075
8	37	-0.492349
9	37	0.492349
10	37	0.499075
11	37	0.499989
12	37	0.499914
13	37	0.499396
14	37	0.5
15	37	0.499723
16	37	0.499996
 'hed'
 
1	37.5	-0.499996
2	37.5	-0.499718
3	37.5	-0.499992
4	37.5	-0.499418
5	37.5	-0.499906
6	37.5	-0.499951
7	37.5	-0.499279
8	37.5	-0.493518
9	37.5	0.493518
10	37.5	0.499279
11	37.5	0.499951
12	37.5	0.499906
13	37.5	0.499418
14	37.5	0.499992
15	37.5	0.499718
16	37.5	0.499996
 'hed'
 
1	38	-0.499995
2	38	-0.499706
3	38	-0.499965
4	38	-0.499544
5	38	-0.499807
6	38	-0.499818
7	38	-0.499078
8	38	-0.493553
9	38	0.493553
10	38	0.499078
11	38	0.499818
12	38	0.499807
13	38	0.499544
14	38	0.499965
15	38	0.499706
16	38	0.499995
 'hed'
 
1	38.5	-0.499995
2	38.5	-0.499688
3	38.5	-0.499932
4	38.5	-0.499737
5	38.5	-0.499595
6	38.5	-0.499726
7	38.5	-0.499406
8	38.5	-0.496094
9	38.5	0.496094
10	38.5	0.499406
11	38.5	0.499726
12	38.5	0.499595
13	38.5	0.499737
14	38.5	0.499932
15	38.5	0.499688
16	38.5	0.499995
 'hed'
 
1	39	-0.499994
2	39	-0.499673
3	39	-0.499912
4	39	-0.499915
5	39	-0.499323
6	39	-0.499722
7	39	-0.499901
8	39	-0.492838
9	39	0.492838
10	39	0.499901
11	39	0.499722
12	39	0.499323
13	39	0.499915
14	39	0.499912
15	39	0.499673
16	39	0.499994
 'hed'
 
1	39.5	-0.499994
2	39.5	-0.499672
3	39.5	-0.499907
4	39.5	-0.499994
5	39.5	-0.49912
6	39.5	-0.499834
7	39.5	-0.499939
8	39.5	-0.491313
9	39.5	0.491313
10	39.5	0.499939
11	39.5	0.499834
12	39.5	0.49912
13	39.5	0.499994
14	39.5	0.499907
15	39.5	0.499672
16	39.5	0.499994
 'hed'
 
1	40	-0.499995
2	40	-0.499698
3	40	-0.499894
4	40	-0.499943
5	40	-0.499103
6	40	-0.49992
7	40	-0.49981
8	40	-0.497285
9	40	0.497285
10	40	0.49981
11	40	0.49992
12	40	0.499103
13	40	0.499943
14	40	0.499894
15	40	0.499698
16	40	0.499995
 'hed'
 
1	40.5	-0.499996
2	40.5	-0.499759
3	40.5	-0.499829
4	40.5	-0.499814
5	40.5	-0.4993
6	40.5	-0.499863
7	40.5	-0.499735
8	40.5	-0.492468
9	40.5	0.492468
10	40.5	0.499735
11	40.5	0.499863
12	40.5	0.4993
13	40.5	0.499814
14	40.5	0.499829
15	40.5	0.499759
16	40.5	0.499996
 'hed'
 
1	41	-0.499997
2	41	-0.499851
3	41	-0.499685
4	41	-0.499708
5	41	-0.499617
6	41	-0.499643
7	41	-0.499842
8	41	-0.492106
9	41	0.492106
10	41	0.499842
11	41	0.499643
12	41	0.499617
13	41	0.499708
14	41	0.499685
15	41	0.499851
16	41	0.499997
 'hed'
 
1	41.5	-0.499999
2	41.5	-0.499943
3	41.5	-0.499486
4	41.5	-0.499709
5	41.5	-0.499884
6	41.5	-0.499341
7	41.5	-0.499724
8	41.5	-0.496107
9	41.5	0.496107
10	41.5	0.499724
11	41.5	0.499341
12	41.5	0.499884
13	41.5	0.499709
14	41.5	0.499486
15	41.5	0.499943
16	41.5	0.499999
 'hed'
 
1	42	-0.5
2	42	-0.499995
3	42	-0.499316
4	42	-0.499808
5	42	-0.49998
6	42	-0.49917
7	42	-0.499915
8	42	-0.493845
9	42	0.493845
10	42	0.499915
11	42	0.49917
12	42	0.49998
13	42	0.499808
14	42	0.499316
15	42	0.499995
16	42	0.5
 'hed'
 
1	42.5	-0.499999
2	42.5	-0.499972
3	42.5	-0.499274
4	42.5	-0.499905
5	42.5	-0.499899
6	42.5	-0.499148
7	42.5	-0.499972
8	42.5	-0.492021
9	42.5	0.492021
10	42.5	0.499972
11	42.5	0.499148
12	42.5	0.499899
13	42.5	0.499905
14	42.5	0.499274
15	42.5	0.499972
16	42.5	0.499999
 'hed'
 
1	43	-0.499997
2	43	-0.499871
3	43	-0.499412
4	43	-0.499878
5	43	-0.499755
6	43	-0.499302
7	43	-0.49997
8	43	-0.496163
9	43	0.496163
10	43	0.49997
11	43	0.499302
12	43	0.499755
13	43	0.499878
14	43	0.499412
15	43	0.499871
16	43	0.499997
 'hed'
 
1	43.5	-0.499995
2	43.5	-0.499731
3	43.5	-0.499673
4	43.5	-0.499681
5	43.5	-0.499681
6	43.5	-0.499529
7	43.5	-0.49977
8	43.5	-0.492519
9	43.5	0.492519
10	43.5	0.49977
11	43.5	0.499529
12	43.5	0.499681
13	43.5	0.499681
14	43.5	0.499673
15	43.5	0.499731
16	43.5	0.499995
 'hed'
 
1	44	-0.499993
2	44	-0.49962
3	44	-0.499906
4	44	-0.4994
5	44	-0.499737
6	44	-0.499662
7	44	-0.499803
8	44	-0.494461
9	44	0.494461
10	44	0.499803
11	44	0.499662
12	44	0.499737
13	44	0.4994
14	44	0.499906
15	44	0.49962
16	44	0.499993
 'hed'
 
1	44.5	-0.499993
2	44.5	-0.499601
3	44.5	-0.499946
4	44.5	-0.499201
5	44.5	-0.499866
6	44.5	-0.499708
7	44.5	-0.49991
8	44.5	-0.494772
9	44.5	0.494772
10	44.5	0.49991
11	44.5	0.499708
12	44.5	0.499866
13	44.5	0.499201
14	44.5	0.499946
15	44.5	0.499601
16	44.5	0.499993
 'hed'
 
1	45	-0.499994
2	45	-0.499691
3	45	-0.499717
4	45	-0.49922
5	45	-0.499958
6	45	-0.499727
7	45	-0.499865
8	45	-0.49151
9	45	0.49151
10	45	0.499865
11	45	0.499727
12	45	0.499958
13	45	0.49922
14	45	0.499717
15	45	0.499691
16	45	0.499994
 'hed'
 
1	45.5	-0.499997
2	45.5	-0.499842
3	45.5	-0.499296
4	45.5	-0.499458
5	45.5	-0.499944
6	45.5	-0.499743
7	45.5	-0.499977
8	45.5	-0.496591
9	45.5	0.496591
10	45.5	0.499977
11	45.5	0.499743
12	45.5	0.499944
13	45.5	0.499458
14	45.5	0.499296
15	45.5	0.499842
16	45.5	0.499997
 'hed'
 
1	46	-0.499999
2	46	-0.499965
3	46	-0.498885
4	46	-0.499772
5	46	-0.499852
6	46	-0.499798
7	46	-0.499926
8	46	-0.492787
9	46	0.492787
10	46	0.499926
11	46	0.499798
12	46	0.499852
13	46	0.499772
14	46	0.498885
15	46	0.499965
16	46	0.499999
 'hed'
 
1	46.5	-0.499999
2	46.5	-0.499974
3	46.5	-0.4987
4	46.5	-0.49997
5	46.5	-0.499768
6	46.5	-0.499864
7	46.5	-0.499963
8	46.5	-0.4927
9	46.5	0.4927
10	46.5	0.499963
11	46.5	0.499864
12	46.5	0.499768
13	46.5	0.49997
14	46.5	0.4987
15	46.5	0.499974
16	46.5	0.499999
 'hed'
 
1	47	-0.499997
2	47	-0.499834
3	47	-0.49884
4	47	-0.499949
5	47	-0.499755
6	47	-0.499863
7	47	-0.499809
8	47	-0.495878
9	47	0.495878
10	47	0.499809
11	47	0.499863
12	47	0.499755
13	47	0.499949
14	47	0.49884
15	47	0.499834
16	47	0.499997
 'hed'
 
1	47.5	-0.499993
2	47.5	-0.499586
3	47.5	-0.499228
4	47.5	-0.499761
5	47.5	-0.49979
6	47.5	-0.49984
7	47.5	-0.499856
8	47.5	-0.493526
9	47.5	0.493526
10	47.5	0.499856
11	47.5	0.49984
12	47.5	0.49979
13	47.5	0.499761
14	47.5	0.499228
15	47.5	0.499586
16	47.5	0.499993
