 'hed'
 
1	0	-0.5
2	0	-0.5
3	0	-0.5
4	0	-0.5
5	0	-0.5
6	0	-0.5
7	0	-0.5
8	0	-0.5
9	0	0.5
10	0	0.5
11	0	0.5
12	0	0.5
13	0	0.5
14	0	0.5
15	0	0.5
16	0	0.5
 'hed'
 
1	0.5	-0.5
2	0.5	-0.5
3	0.5	-0.5
4	0.5	-0.5
5	0.5	-0.5
6	0.5	-0.499994
7	0.5	-0.499108
8	0.5	-0.445145
9	0.5	0.445145
10	0.5	0.499108
11	0.5	0.499994
12	0.5	0.5
13	0.5	0.5
14	0.5	0.5
15	0.5	0.5
16	0.5	0.5
 'hed'
 
1	0.6	-0.5
2	0.6	-0.5
3	0.6	-0.5
4	0.6	-0.5
5	0.6	-0.5
6	0.6	-0.499982
7	0.6	-0.498223
8	0.6	-0.425426
9	0.6	0.425426
10	0.6	0.498223
11	0.6	0.499982
12	0.6	0.5
13	0.6	0.5
14	0.6	0.5
15	0.6	0.5
16	0.6	0.5
 'hed'
 
1	1.1	-0.5
2	1.1	-0.5
3	1.1	-0.5
4	1.1	-0.5
5	1.1	-0.499989
6	1.1	-0.49944
7	1.1	-0.485357
8	1.1	-0.339568
9	1.1	0.339568
10	1.1	0.485357
11	1.1	0.49944
12	1.1	0.499989
13	1.1	0.5
14	1.1	0.5
15	1.1	0.5
16	1.1	0.5
 'hed'
 
1	1.5	-0.5
2	1.5	-0.5
3	1.5	-0.5
4	1.5	-0.499997
5	1.5	-0.499889
6	1.5	-0.497277
7	1.5	-0.466025
8	1.5	-0.325927
9	1.5	0.325927
10	1.5	0.466025
11	1.5	0.497277
12	1.5	0.499889
13	1.5	0.499997
14	1.5	0.5
15	1.5	0.5
16	1.5	0.5
 'hed'
 
1	2	-0.5
2	2	-0.5
3	2	-0.499999
4	2	-0.499963
5	2	-0.499221
6	2	-0.490558
7	2	-0.447067
8	2	-0.360912
9	2	0.360912
10	2	0.447067
11	2	0.490558
12	2	0.499221
13	2	0.499963
14	2	0.499999
15	2	0.5
16	2	0.5
 'hed'
 
1	2.5	-0.5
2	2.5	-0.5
3	2.5	-0.499987
4	2.5	-0.499759
5	2.5	-0.497083
6	2.5	-0.481162
7	2.5	-0.451543
8	2.5	-0.378704
9	2.5	0.378704
10	2.5	0.451543
11	2.5	0.481162
12	2.5	0.497083
13	2.5	0.499759
14	2.5	0.499987
15	2.5	0.5
16	2.5	0.5
 'hed'
 
1	3	-0.5
2	3	-0.499996
3	3	-0.499921
4	3	-0.499041
5	3	-0.492991
6	3	-0.475733
7	3	-0.471879
8	3	-0.362114
9	3	0.362114
10	3	0.471879
11	3	0.475733
12	3	0.492991
13	3	0.499041
14	3	0.499921
15	3	0.499996
16	3	0.5
 'hed'
 
1	3.5	-0.499998
2	3.5	-0.499973
3	3.5	-0.499672
4	3.5	-0.497359
5	3.5	-0.488156
6	3.5	-0.479131
7	3.5	-0.484364
8	3.5	-0.364297
9	3.5	0.364297
10	3.5	0.484364
11	3.5	0.479131
12	3.5	0.488156
13	3.5	0.497359
14	3.5	0.499672
15	3.5	0.499973
16	3.5	0.499998
 'hed'
 
1	4	-0.499991
2	4	-0.499884
3	4	-0.498999
4	4	-0.49459
5	4	-0.485234
6	4	-0.488204
7	4	-0.482594
8	4	-0.402583
9	4	0.402583
10	4	0.482594
11	4	0.488204
12	4	0.485234
13	4	0.49459
14	4	0.498999
15	4	0.499884
16	4	0.499991
 'hed'
 
1	4.5	-0.499959
2	4.5	-0.499617
3	4.5	-0.497642
4	4.5	-0.491381
5	4.5	-0.486125
6	4.5	-0.495466
7	4.5	-0.480943
8	4.5	-0.428609
9	4.5	0.428609
10	4.5	0.480943
11	4.5	0.495466
12	4.5	0.486125
13	4.5	0.491381
14	4.5	0.497642
15	4.5	0.499617
16	4.5	0.499959
 'hed'
 
1	4.6	-0.499947
2	4.6	-0.499527
3	4.6	-0.497277
4	4.6	-0.490796
5	4.6	-0.48675
6	4.6	-0.496282
7	4.6	-0.481672
8	4.6	-0.428688
9	4.6	0.428688
10	4.6	0.481672
11	4.6	0.496282
12	4.6	0.48675
13	4.6	0.490796
14	4.6	0.497277
15	4.6	0.499527
16	4.6	0.499947
 'hed'
 
1	5.1	-0.499823
2	5.1	-0.498802
3	5.1	-0.495048
4	5.1	-0.488777
5	5.1	-0.491176
6	5.1	-0.49752
7	5.1	-0.488458
8	5.1	-0.411857
9	5.1	0.411857
10	5.1	0.488458
11	5.1	0.49752
12	5.1	0.491176
13	5.1	0.488777
14	5.1	0.495048
15	5.1	0.498802
16	5.1	0.499823
 'hed'
 
1	5.6	-0.499524
2	5.6	-0.497474
3	5.6	-0.492558
4	5.6	-0.488951
5	5.6	-0.495804
6	5.6	-0.496407
7	5.6	-0.491283
8	5.6	-0.40351
9	5.6	0.40351
10	5.6	0.491283
11	5.6	0.496407
12	5.6	0.495804
13	5.6	0.488951
14	5.6	0.492558
15	5.6	0.497474
16	5.6	0.499524
 'hed'
 
1	6.1	-0.498929
2	6.1	-0.495461
3	6.1	-0.490648
4	6.1	-0.491376
5	6.1	-0.498644
6	6.1	-0.494635
7	6.1	-0.486947
8	6.1	-0.420136
9	6.1	0.420136
10	6.1	0.486947
11	6.1	0.494635
12	6.1	0.498644
13	6.1	0.491376
14	6.1	0.490648
15	6.1	0.495461
16	6.1	0.498929
 'hed'
 
1	6.6	-0.497952
2	6.6	-0.492914
3	6.6	-0.490184
4	6.6	-0.495029
5	6.6	-0.498938
6	6.6	-0.492053
7	6.6	-0.48487
8	6.6	-0.424289
9	6.6	0.424289
10	6.6	0.48487
11	6.6	0.492053
12	6.6	0.498938
13	6.6	0.495029
14	6.6	0.490184
15	6.6	0.492914
16	6.6	0.497952
 'hed'
 
1	7.1	-0.496628
2	7.1	-0.49026
3	7.1	-0.491532
4	7.1	-0.498292
5	7.1	-0.49691
6	7.1	-0.490147
7	7.1	-0.487959
8	7.1	-0.396856
9	7.1	0.396856
10	7.1	0.487959
11	7.1	0.490147
12	7.1	0.49691
13	7.1	0.498292
14	7.1	0.491532
15	7.1	0.49026
16	7.1	0.496628
 'hed'
 
1	7.6	-0.495186
2	7.6	-0.488106
3	7.6	-0.494154
4	7.6	-0.4997
5	7.6	-0.493907
6	7.6	-0.491351
7	7.6	-0.486756
8	7.6	-0.372447
9	7.6	0.372447
10	7.6	0.486756
11	7.6	0.491351
12	7.6	0.493907
13	7.6	0.4997
14	7.6	0.494154
15	7.6	0.488106
16	7.6	0.495186
 'hed'
 
1	8.1	-0.494028
2	8.1	-0.48705
3	8.1	-0.496615
4	8.1	-0.498748
5	8.1	-0.492231
6	8.1	-0.494476
7	8.1	-0.477876
8	8.1	-0.377722
9	8.1	0.377722
10	8.1	0.477876
11	8.1	0.494476
12	8.1	0.492231
13	8.1	0.498748
14	8.1	0.496615
15	8.1	0.48705
16	8.1	0.494028
 'hed'
 
1	8.6	-0.493582
2	8.6	-0.487439
3	8.6	-0.497168
4	8.6	-0.49635
5	8.6	-0.493434
6	8.6	-0.495208
7	8.6	-0.472304
8	8.6	-0.3887
9	8.6	0.3887
10	8.6	0.472304
11	8.6	0.495208
12	8.6	0.493434
13	8.6	0.49635
14	8.6	0.497168
15	8.6	0.487439
16	8.6	0.493582
 'hed'
 
1	9.1	-0.494087
2	9.1	-0.489208
3	9.1	-0.494774
4	9.1	-0.494304
5	9.1	-0.496489
6	9.1	-0.492412
7	9.1	-0.477719
8	9.1	-0.379975
9	9.1	0.379975
10	9.1	0.477719
11	9.1	0.492412
12	9.1	0.496489
13	9.1	0.494304
14	9.1	0.494774
15	9.1	0.489208
16	9.1	0.494087
 'hed'
 
1	9.6	-0.495416
2	9.6	-0.491871
3	9.6	-0.489986
4	9.6	-0.493837
5	9.6	-0.498587
6	9.6	-0.490177
7	9.6	-0.486089
8	9.6	-0.37101
9	9.6	0.37101
10	9.6	0.486089
11	9.6	0.490177
12	9.6	0.498587
13	9.6	0.493837
14	9.6	0.489986
15	9.6	0.491871
16	9.6	0.495416
 'hed'
 
1	10.1	-0.497086
2	10.1	-0.494708
3	10.1	-0.48494
4	10.1	-0.494454
5	10.1	-0.498055
6	10.1	-0.491864
7	10.1	-0.487875
8	10.1	-0.387603
9	10.1	0.387603
10	10.1	0.487875
11	10.1	0.491864
12	10.1	0.498055
13	10.1	0.494454
14	10.1	0.48494
15	10.1	0.494708
16	10.1	0.497086
 'hed'
 
1	10.6	-0.498465
2	10.6	-0.497048
3	10.6	-0.482246
4	10.6	-0.494352
5	10.6	-0.495842
6	10.6	-0.49547
7	10.6	-0.486924
8	10.6	-0.41341
9	10.6	0.41341
10	10.6	0.486924
11	10.6	0.49547
12	10.6	0.495842
13	10.6	0.494352
14	10.6	0.482246
15	10.6	0.497048
16	10.6	0.498465
 'hed'
 
1	11.1	-0.499102
2	11.1	-0.498499
3	11.1	-0.483442
4	11.1	-0.492094
5	11.1	-0.493988
6	11.1	-0.497159
7	11.1	-0.490548
8	11.1	-0.419624
9	11.1	0.419624
10	11.1	0.490548
11	11.1	0.497159
12	11.1	0.493988
13	11.1	0.492094
14	11.1	0.483442
15	11.1	0.498499
16	11.1	0.499102
 'hed'
 
1	11.6	-0.498964
2	11.6	-0.49901
3	11.6	-0.488071
4	11.6	-0.487994
5	11.6	-0.493381
6	11.6	-0.496584
7	11.6	-0.494644
8	11.6	-0.413921
9	11.6	0.413921
10	11.6	0.494644
11	11.6	0.496584
12	11.6	0.493381
13	11.6	0.487994
14	11.6	0.488071
15	11.6	0.49901
16	11.6	0.498964
 'hed'
 
1	12.1	-0.498426
2	12.1	-0.498814
3	12.1	-0.493961
4	12.1	-0.484085
5	12.1	-0.493309
6	12.1	-0.495945
7	12.1	-0.491301
8	12.1	-0.417039
9	12.1	0.417039
10	12.1	0.491301
11	12.1	0.495945
12	12.1	0.493309
13	12.1	0.484085
14	12.1	0.493961
15	12.1	0.498814
16	12.1	0.498426
 'hed'
 
1	12.6	-0.498015
2	12.6	-0.498307
3	12.6	-0.498429
4	12.6	-0.482831
5	12.6	-0.492484
6	12.6	-0.495828
7	12.6	-0.48436
8	12.6	-0.41583
9	12.6	0.41583
10	12.6	0.48436
11	12.6	0.495828
12	12.6	0.492484
13	12.6	0.482831
14	12.6	0.498429
15	12.6	0.498307
16	12.6	0.498015
 'hed'
 
1	13.1	-0.498068
2	13.1	-0.49792
3	13.1	-0.499724
4	13.1	-0.485494
5	13.1	-0.490119
6	13.1	-0.494918
7	13.1	-0.484107
8	13.1	-0.388073
9	13.1	0.388073
10	13.1	0.484107
11	13.1	0.494918
12	13.1	0.490119
13	13.1	0.485494
14	13.1	0.499724
15	13.1	0.49792
16	13.1	0.498068
 'hed'
 
1	13.6	-0.498557
2	13.6	-0.497945
3	13.6	-0.497947
4	13.6	-0.491059
5	13.6	-0.486712
6	13.6	-0.492609
7	13.6	-0.490246
8	13.6	-0.357274
9	13.6	0.357274
10	13.6	0.490246
11	13.6	0.492609
12	13.6	0.486712
13	13.6	0.491059
14	13.6	0.497947
15	13.6	0.497945
16	13.6	0.498557
 'hed'
 
1	14.1	-0.499169
2	14.1	-0.498396
3	14.1	-0.494917
4	14.1	-0.496505
5	14.1	-0.484286
6	14.1	-0.489394
7	14.1	-0.492865
8	14.1	-0.369504
9	14.1	0.369504
10	14.1	0.492865
11	14.1	0.489394
12	14.1	0.484286
13	14.1	0.496505
14	14.1	0.494917
15	14.1	0.498396
16	14.1	0.499169
 'hed'
 
1	14.6	-0.499565
2	14.6	-0.499014
3	14.6	-0.492961
4	14.6	-0.498666
5	14.6	-0.485077
6	14.6	-0.48571
7	14.6	-0.488668
8	14.6	-0.416826
9	14.6	0.416826
10	14.6	0.488668
11	14.6	0.48571
12	14.6	0.485077
13	14.6	0.498666
14	14.6	0.492961
15	14.6	0.499014
16	14.6	0.499565
 'hed'
 
1	15.1	-0.49961
2	15.1	-0.499453
3	15.1	-0.493384
4	15.1	-0.496566
5	15.1	-0.489124
6	15.1	-0.482665
7	15.1	-0.4843
8	15.1	-0.436129
9	15.1	0.436129
10	15.1	0.4843
11	15.1	0.482665
12	15.1	0.489124
13	15.1	0.496566
14	15.1	0.493384
15	15.1	0.499453
16	15.1	0.49961
 'hed'
 
1	15.6	-0.499427
2	15.6	-0.49952
3	15.6	-0.495697
4	15.6	-0.492225
5	15.6	-0.493555
6	15.6	-0.482762
7	15.6	-0.483451
8	15.6	-0.395907
9	15.6	0.395907
10	15.6	0.483451
11	15.6	0.482762
12	15.6	0.493555
13	15.6	0.492225
14	15.6	0.495697
15	15.6	0.49952
16	15.6	0.499427
 'hed'
 
1	16.1	-0.499261
2	16.1	-0.499288
3	16.1	-0.498155
4	16.1	-0.489055
5	16.1	-0.495017
6	16.1	-0.487216
7	16.1	-0.481867
8	16.1	-0.340014
9	16.1	0.340014
10	16.1	0.481867
11	16.1	0.487216
12	16.1	0.495017
13	16.1	0.489055
14	16.1	0.498155
15	16.1	0.499288
16	16.1	0.499261
 'hed'
 
1	16.6	-0.499288
2	16.6	-0.498994
3	16.6	-0.499131
4	16.6	-0.489233
5	16.6	-0.492672
6	16.6	-0.493239
7	16.6	-0.477467
8	16.6	-0.328648
9	16.6	0.328648
10	16.6	0.477467
11	16.6	0.493239
12	16.6	0.492672
13	16.6	0.489233
14	16.6	0.499131
15	16.6	0.498994
16	16.6	0.499288
 'hed'
 
1	17.1	-0.499502
2	17.1	-0.498832
3	17.1	-0.49825
4	17.1	-0.492281
5	17.1	-0.488436
6	17.1	-0.49667
7	17.1	-0.475679
8	17.1	-0.367761
9	17.1	0.367761
10	17.1	0.475679
11	17.1	0.49667
12	17.1	0.488436
13	17.1	0.492281
14	17.1	0.49825
15	17.1	0.498832
16	17.1	0.499502
 'hed'
 
1	17.6	-0.499747
2	17.6	-0.498803
3	17.6	-0.496493
4	17.6	-0.49571
5	17.6	-0.484909
6	17.6	-0.496853
7	17.6	-0.480641
8	17.6	-0.415749
9	17.6	0.415749
10	17.6	0.480641
11	17.6	0.496853
12	17.6	0.484909
13	17.6	0.49571
14	17.6	0.496493
15	17.6	0.498803
16	17.6	0.499747
 'hed'
 
1	18.1	-0.499842
2	18.1	-0.498744
3	18.1	-0.495326
4	18.1	-0.496887
5	18.1	-0.483876
6	18.1	-0.49626
7	18.1	-0.488437
8	18.1	-0.438374
9	18.1	0.438374
10	18.1	0.488437
11	18.1	0.49626
12	18.1	0.483876
13	18.1	0.496887
14	18.1	0.495326
15	18.1	0.498744
16	18.1	0.499842
 'hed'
 
1	18.6	-0.499697
2	18.6	-0.498493
3	18.6	-0.495546
4	18.6	-0.494757
5	18.6	-0.486084
6	18.6	-0.495865
7	18.6	-0.492854
8	18.6	-0.435304
9	18.6	0.435304
10	18.6	0.492854
11	18.6	0.495865
12	18.6	0.486084
13	18.6	0.494757
14	18.6	0.495546
15	18.6	0.498493
16	18.6	0.499697
 'hed'
 
1	19	-0.499432
2	19	-0.498145
3	19	-0.496466
4	19	-0.491406
5	19	-0.489787
6	19	-0.494764
7	19	-0.492557
8	19	-0.42605
9	19	0.42605
10	19	0.492557
11	19	0.494764
12	19	0.489787
13	19	0.491406
14	19	0.496466
15	19	0.498145
16	19	0.499432
 'hed'
 
1	19.5	-0.499011
2	19.5	-0.49764
3	19.5	-0.497485
4	19.5	-0.487391
5	19.5	-0.494795
6	19.5	-0.492345
7	19.5	-0.488026
8	19.5	-0.416596
9	19.5	0.416596
10	19.5	0.488026
11	19.5	0.492345
12	19.5	0.494795
13	19.5	0.487391
14	19.5	0.497485
15	19.5	0.49764
16	19.5	0.499011
 'hed'
 
1	20	-0.498602
2	20	-0.497218
3	20	-0.497176
4	20	-0.486002
5	20	-0.497342
6	20	-0.491252
7	20	-0.479965
8	20	-0.407144
9	20	0.407144
10	20	0.479965
11	20	0.491252
12	20	0.497342
13	20	0.486002
14	20	0.497176
15	20	0.497218
16	20	0.498602
 'hed'
 
1	20.5	-0.498264
2	20.5	-0.496947
3	20.5	-0.495132
4	20.5	-0.48805
5	20.5	-0.496434
6	20.5	-0.493026
7	20.5	-0.471874
8	20.5	-0.386154
9	20.5	0.386154
10	20.5	0.471874
11	20.5	0.493026
12	20.5	0.496434
13	20.5	0.48805
14	20.5	0.495132
15	20.5	0.496947
16	20.5	0.498264
 'hed'
 
1	21	-0.497978
2	21	-0.496709
3	21	-0.492169
4	21	-0.491952
5	21	-0.494447
6	21	-0.495076
7	21	-0.469084
8	21	-0.353466
9	21	0.353466
10	21	0.469084
11	21	0.495076
12	21	0.494447
13	21	0.491952
14	21	0.492169
15	21	0.496709
16	21	0.497978
 'hed'
 
1	21.5	-0.497693
2	21.5	-0.496237
3	21.5	-0.489812
4	21.5	-0.495176
5	21.5	-0.494469
6	21.5	-0.494275
7	21.5	-0.472148
8	21.5	-0.333177
9	21.5	0.333177
10	21.5	0.472148
11	21.5	0.494275
12	21.5	0.494469
13	21.5	0.495176
14	21.5	0.489812
15	21.5	0.496237
16	21.5	0.497693
 'hed'
 
1	22	-0.497377
2	22	-0.495287
3	22	-0.48926
4	22	-0.496351
5	22	-0.49678
6	22	-0.491794
7	22	-0.475509
8	22	-0.350284
9	22	0.350284
10	22	0.475509
11	22	0.491794
12	22	0.49678
13	22	0.496351
14	22	0.48926
15	22	0.495287
16	22	0.497377
 'hed'
 
1	22.5	-0.497063
2	22.5	-0.493838
3	22.5	-0.49069
4	22.5	-0.495943
5	22.5	-0.498941
6	22.5	-0.491315
7	22.5	-0.476496
8	22.5	-0.392999
9	22.5	0.392999
10	22.5	0.476496
11	22.5	0.491315
12	22.5	0.498941
13	22.5	0.495943
14	22.5	0.49069
15	22.5	0.493838
16	22.5	0.497063
 'hed'
 
1	23	-0.496843
2	23	-0.492151
3	23	-0.493336
4	23	-0.495203
5	23	-0.498939
6	23	-0.493721
7	23	-0.479658
8	23	-0.421288
9	23	0.421288
10	23	0.479658
11	23	0.493721
12	23	0.498939
13	23	0.495203
14	23	0.493336
15	23	0.492151
16	23	0.496843
 'hed'
 
1	23.5	-0.496821
2	23.5	-0.490657
3	23.5	-0.496031
4	23.5	-0.494978
5	23.5	-0.49703
6	23.5	-0.49654
7	23.5	-0.487343
8	23.5	-0.421337
9	23.5	0.421337
10	23.5	0.487343
11	23.5	0.49654
12	23.5	0.49703
13	23.5	0.494978
14	23.5	0.496031
15	23.5	0.490657
16	23.5	0.496821
 'hed'
 
1	24	-0.497053
2	24	-0.489799
3	24	-0.497697
4	24	-0.495476
5	24	-0.49468
6	24	-0.497772
7	24	-0.493155
8	24	-0.421427
9	24	0.421427
10	24	0.493155
11	24	0.497772
12	24	0.49468
13	24	0.495476
14	24	0.497697
15	24	0.489799
16	24	0.497053
 'hed'
 
1	24.5	-0.497505
2	24.5	-0.4899
3	24.5	-0.497679
4	24.5	-0.496518
5	24.5	-0.493009
6	24.5	-0.497244
7	24.5	-0.49193
8	24.5	-0.436808
9	24.5	0.436808
10	24.5	0.49193
11	24.5	0.497244
12	24.5	0.493009
13	24.5	0.496518
14	24.5	0.497679
15	24.5	0.4899
16	24.5	0.497505
 'hed'
 
1	25	-0.498071
2	25	-0.491034
3	25	-0.495965
4	25	-0.497716
5	25	-0.492566
6	25	-0.494726
7	25	-0.488977
8	25	-0.437067
9	25	0.437067
10	25	0.488977
11	25	0.494726
12	25	0.492566
13	25	0.497716
14	25	0.495965
15	25	0.491034
16	25	0.498071
 'hed'
 
1	25.5	-0.498628
2	25.5	-0.492947
3	25.5	-0.49316
4	25.5	-0.498675
5	25.5	-0.493484
6	25.5	-0.490058
7	25.5	-0.490013
8	25.5	-0.400576
9	25.5	0.400576
10	25.5	0.490013
11	25.5	0.490058
12	25.5	0.493484
13	25.5	0.498675
14	25.5	0.49316
15	25.5	0.492947
16	25.5	0.498628
 'hed'
 
1	26	-0.499092
2	26	-0.495097
3	26	-0.490237
4	26	-0.49922
5	26	-0.495211
6	26	-0.485309
7	26	-0.488784
8	26	-0.363009
9	26	0.363009
10	26	0.488784
11	26	0.485309
12	26	0.495211
13	26	0.49922
14	26	0.490237
15	26	0.495097
16	26	0.499092
 'hed'
 
1	26.5	-0.499425
2	26.5	-0.49684
3	26.5	-0.488243
4	26.5	-0.499314
5	26.5	-0.496732
6	26.5	-0.483732
7	26.5	-0.476903
8	26.5	-0.366232
9	26.5	0.366232
10	26.5	0.476903
11	26.5	0.483732
12	26.5	0.496732
13	26.5	0.499314
14	26.5	0.488243
15	26.5	0.49684
16	26.5	0.499425
 'hed'
 
1	27	-0.499605
2	27	-0.497693
3	27	-0.488001
4	27	-0.498769
5	27	-0.497577
6	27	-0.48586
7	27	-0.461417
8	27	-0.388218
9	27	0.388218
10	27	0.461417
11	27	0.48586
12	27	0.497577
13	27	0.498769
14	27	0.488001
15	27	0.497693
16	27	0.499605
 'hed'
 
1	27.5	-0.499603
2	27.5	-0.497554
3	27.5	-0.489771
4	27.5	-0.497316
5	27.5	-0.498158
6	27.5	-0.489103
7	27.5	-0.458417
8	27.5	-0.376941
9	27.5	0.376941
10	27.5	0.458417
11	27.5	0.489103
12	27.5	0.498158
13	27.5	0.497316
14	27.5	0.489771
15	27.5	0.497554
16	27.5	0.499603
 'hed'
 
1	28	-0.499395
2	28	-0.496759
3	28	-0.492978
4	28	-0.495141
5	28	-0.49881
6	28	-0.491595
7	28	-0.470201
8	28	-0.340134
9	28	0.340134
10	28	0.470201
11	28	0.491595
12	28	0.49881
13	28	0.495141
14	28	0.492978
15	28	0.496759
16	28	0.499395
 'hed'
 
1	28.5	-0.499016
2	28.5	-0.495912
3	28.5	-0.49631
4	28.5	-0.493186
5	28.5	-0.499095
6	28.5	-0.493838
7	28.5	-0.482896
8	28.5	-0.341876
9	28.5	0.341876
10	28.5	0.482896
11	28.5	0.493838
12	28.5	0.499095
13	28.5	0.493186
14	28.5	0.49631
15	28.5	0.495912
16	28.5	0.499016
 'hed'
 
1	29	-0.498589
2	29	-0.495561
3	29	-0.498325
4	29	-0.492605
5	29	-0.498517
6	29	-0.496085
7	29	-0.487633
8	29	-0.402193
9	29	0.402193
10	29	0.487633
11	29	0.496085
12	29	0.498517
13	29	0.492605
14	29	0.498325
15	29	0.495561
16	29	0.498589
 'hed'
 
1	29.5	-0.498296
2	29.5	-0.495912
3	29.5	-0.498259
4	29.5	-0.493798
5	29.5	-0.497434
6	29.5	-0.497122
7	29.5	-0.489296
8	29.5	-0.460674
9	29.5	0.460674
10	29.5	0.489296
11	29.5	0.497122
12	29.5	0.497434
13	29.5	0.493798
14	29.5	0.498259
15	29.5	0.495912
16	29.5	0.498296
 'hed'
 
1	30	-0.498274
2	30	-0.496776
3	30	-0.496446
4	30	-0.496057
5	30	-0.496718
6	30	-0.496697
7	30	-0.491115
8	30	-0.46234
9	30	0.46234
10	30	0.491115
11	30	0.496697
12	30	0.496718
13	30	0.496057
14	30	0.496446
15	30	0.496776
16	30	0.498274
 'hed'
 
1	30.5	-0.498517
2	30.5	-0.497762
3	30.5	-0.494052
4	30.5	-0.498105
5	30.5	-0.496842
6	30.5	-0.496158
7	30.5	-0.486497
8	30.5	-0.424332
9	30.5	0.424332
10	30.5	0.486497
11	30.5	0.496158
12	30.5	0.496842
13	30.5	0.498105
14	30.5	0.494052
15	30.5	0.497762
16	30.5	0.498517
 'hed'
 
1	31	-0.498866
2	31	-0.498534
3	31	-0.492371
4	31	-0.498938
5	31	-0.497646
6	31	-0.495124
7	31	-0.473982
8	31	-0.389473
9	31	0.389473
10	31	0.473982
11	31	0.495124
12	31	0.497646
13	31	0.498938
14	31	0.492371
15	31	0.498534
16	31	0.498866
 'hed'
 
1	31.5	-0.499107
2	31.5	-0.498949
3	31.5	-0.492188
4	31.5	-0.498292
5	31.5	-0.49851
6	31.5	-0.490789
7	31.5	-0.466105
8	31.5	-0.364985
9	31.5	0.364985
10	31.5	0.466105
11	31.5	0.490789
12	31.5	0.49851
13	31.5	0.498292
14	31.5	0.492188
15	31.5	0.498949
16	31.5	0.499107
 'hed'
 
1	32	-0.499118
2	32	-0.499038
3	32	-0.493492
4	32	-0.496667
5	32	-0.498156
6	32	-0.483168
7	32	-0.471873
8	32	-0.345945
9	32	0.345945
10	32	0.471873
11	32	0.483168
12	32	0.498156
13	32	0.496667
14	32	0.493492
15	32	0.499038
16	32	0.499118
 'hed'
 
1	32.5	-0.498949
2	32.5	-0.498914
3	32.5	-0.495581
4	32.5	-0.494982
5	32.5	-0.49497
6	32.5	-0.478099
7	32.5	-0.481676
8	32.5	-0.351815
9	32.5	0.351815
10	32.5	0.481676
11	32.5	0.478099
12	32.5	0.49497
13	32.5	0.494982
14	32.5	0.495581
15	32.5	0.498914
16	32.5	0.498949
 'hed'
 
1	33	-0.498785
2	33	-0.49869
3	33	-0.497456
4	33	-0.493928
5	33	-0.48871
6	33	-0.481105
7	33	-0.482683
8	33	-0.389649
9	33	0.389649
10	33	0.482683
11	33	0.481105
12	33	0.48871
13	33	0.493928
14	33	0.497456
15	33	0.49869
16	33	0.498785
 'hed'
 
1	33.5	-0.498817
2	33.5	-0.498421
3	33.5	-0.498332
4	33.5	-0.493432
5	33.5	-0.481892
6	33.5	-0.489825
7	33.5	-0.479372
8	33.5	-0.418654
9	33.5	0.418654
10	33.5	0.479372
11	33.5	0.489825
12	33.5	0.481892
13	33.5	0.493432
14	33.5	0.498332
15	33.5	0.498421
16	33.5	0.498817
 'hed'
 
1	34	-0.499103
2	34	-0.498071
3	34	-0.498037
4	34	-0.492778
5	34	-0.478382
6	34	-0.496563
7	34	-0.483593
8	34	-0.404497
9	34	0.404497
10	34	0.483593
11	34	0.496563
12	34	0.478382
13	34	0.492778
14	34	0.498037
15	34	0.498071
16	34	0.499103
 'hed'
 
1	34.5	-0.499518
2	34.5	-0.497549
3	34.5	-0.497012
4	34.5	-0.491347
5	34.5	-0.480103
6	34.5	-0.497609
7	34.5	-0.492166
8	34.5	-0.380002
9	34.5	0.380002
10	34.5	0.492166
11	34.5	0.497609
12	34.5	0.480103
13	34.5	0.491347
14	34.5	0.497012
15	34.5	0.497549
16	34.5	0.499518
 'hed'
 
1	35	-0.499797
2	35	-0.496802
3	35	-0.495932
4	35	-0.489264
5	35	-0.485517
6	35	-0.496046
7	35	-0.492243
8	35	-0.394907
9	35	0.394907
10	35	0.492243
11	35	0.496046
12	35	0.485517
13	35	0.489264
14	35	0.495932
15	35	0.496802
16	35	0.499797
 'hed'
 
1	35.5	-0.499668
2	35.5	-0.495877
3	35.5	-0.495257
4	35.5	-0.487361
5	35.5	-0.491341
6	35.5	-0.495637
7	35.5	-0.484913
8	35.5	-0.428283
9	35.5	0.428283
10	35.5	0.484913
11	35.5	0.495637
12	35.5	0.491341
13	35.5	0.487361
14	35.5	0.495257
15	35.5	0.495877
16	35.5	0.499668
 'hed'
 
1	36	-0.499002
2	36	-0.494881
3	36	-0.495076
4	36	-0.486566
5	36	-0.495171
6	36	-0.496386
7	36	-0.484073
8	36	-0.419057
9	36	0.419057
10	36	0.484073
11	36	0.496386
12	36	0.495171
13	36	0.486566
14	36	0.495076
15	36	0.494881
16	36	0.499002
 'hed'
 
1	36.5	-0.497884
2	36.5	-0.493917
3	36.5	-0.495184
4	36.5	-0.487323
5	36.5	-0.496438
6	36.5	-0.497011
7	36.5	-0.491699
8	36.5	-0.37483
9	36.5	0.37483
10	36.5	0.491699
11	36.5	0.497011
12	36.5	0.496438
13	36.5	0.487323
14	36.5	0.495184
15	36.5	0.493917
16	36.5	0.497884
 'hed'
 
1	37	-0.496589
2	37	-0.493082
3	37	-0.495217
4	37	-0.489446
5	37	-0.49584
6	37	-0.497597
7	37	-0.494141
8	37	-0.368634
9	37	0.368634
10	37	0.494141
11	37	0.497597
12	37	0.49584
13	37	0.489446
14	37	0.495217
15	37	0.493082
16	37	0.496589
 'hed'
 
1	37.5	-0.495462
2	37.5	-0.492511
3	37.5	-0.494779
4	37.5	-0.492315
5	37.5	-0.494574
6	37.5	-0.497882
7	37.5	-0.486968
8	37.5	-0.415631
9	37.5	0.415631
10	37.5	0.486968
11	37.5	0.497882
12	37.5	0.494574
13	37.5	0.492315
14	37.5	0.494779
15	37.5	0.492511
16	37.5	0.495462
 'hed'
 
1	38	-0.494787
2	38	-0.492355
3	38	-0.493636
4	38	-0.495131
5	38	-0.493757
6	38	-0.496315
7	38	-0.48347
8	38	-0.440718
9	38	0.440718
10	38	0.48347
11	38	0.496315
12	38	0.493757
13	38	0.495131
14	38	0.493636
15	38	0.492355
16	38	0.494787
 'hed'
 
1	38.5	-0.49469
2	38.5	-0.492706
3	38.5	-0.491907
4	38.5	-0.497072
5	38.5	-0.493895
6	38.5	-0.493159
7	38.5	-0.490169
8	38.5	-0.399732
9	38.5	0.399732
10	38.5	0.490169
11	38.5	0.493159
12	38.5	0.493895
13	38.5	0.497072
14	38.5	0.491907
15	38.5	0.492706
16	38.5	0.49469
 'hed'
 
1	39	-0.495122
2	39	-0.493549
3	39	-0.490088
4	39	-0.497436
5	39	-0.494784
6	39	-0.491766
7	39	-0.492914
8	39	-0.351307
9	39	0.351307
10	39	0.492914
11	39	0.491766
12	39	0.494784
13	39	0.497436
14	39	0.490088
15	39	0.493549
16	39	0.495122
 'hed'
 
1	39.5	-0.495904
2	39.5	-0.494751
3	39.5	-0.488829
4	39.5	-0.495862
5	39.5	-0.49602
6	39.5	-0.494186
7	39.5	-0.480462
8	39.5	-0.359469
9	39.5	0.359469
10	39.5	0.480462
11	39.5	0.494186
12	39.5	0.49602
13	39.5	0.495862
14	39.5	0.488829
15	39.5	0.494751
16	39.5	0.495904
 'hed'
 
1	40	-0.496818
2	40	-0.496096
3	40	-0.488624
4	40	-0.492619
5	40	-0.497339
6	40	-0.497718
7	40	-0.466132
8	40	-0.393808
9	40	0.393808
10	40	0.466132
11	40	0.497718
12	40	0.497339
13	40	0.492619
14	40	0.488624
15	40	0.496096
16	40	0.496818
 'hed'
 
1	40.5	-0.497678
2	40.5	-0.497354
3	40.5	-0.489537
4	40.5	-0.488693
5	40.5	-0.498374
6	40.5	-0.498507
7	40.5	-0.469042
8	40.5	-0.391737
9	40.5	0.391737
10	40.5	0.469042
11	40.5	0.498507
12	40.5	0.498374
13	40.5	0.488693
14	40.5	0.489537
15	40.5	0.497354
16	40.5	0.497678
 'hed'
 
1	41	-0.49837
2	41	-0.498369
3	41	-0.491139
4	41	-0.485498
5	41	-0.498484
6	41	-0.496726
7	41	-0.484726
8	41	-0.368687
9	41	0.368687
10	41	0.484726
11	41	0.496726
12	41	0.498484
13	41	0.485498
14	41	0.491139
15	41	0.498369
16	41	0.49837
 'hed'
 
1	41.5	-0.498849
2	41.5	-0.499083
3	41.5	-0.492734
4	41.5	-0.484315
5	41.5	-0.497154
6	41.5	-0.495419
7	41.5	-0.493269
8	41.5	-0.386606
9	41.5	0.386606
10	41.5	0.493269
11	41.5	0.495419
12	41.5	0.497154
13	41.5	0.484315
14	41.5	0.492734
15	41.5	0.499083
16	41.5	0.498849
 'hed'
 
1	42	-0.499117
2	42	-0.499499
3	42	-0.49378
4	42	-0.485716
5	42	-0.494419
6	42	-0.495804
7	42	-0.490029
8	42	-0.437104
9	42	0.437104
10	42	0.490029
11	42	0.495804
12	42	0.494419
13	42	0.485716
14	42	0.49378
15	42	0.499499
16	42	0.499117
 'hed'
 
1	42.5	-0.499194
2	42.5	-0.499628
3	42.5	-0.49421
4	42.5	-0.489248
5	42.5	-0.490845
6	42.5	-0.496626
7	42.5	-0.48808
8	42.5	-0.445178
9	42.5	0.445178
10	42.5	0.48808
11	42.5	0.496626
12	42.5	0.490845
13	42.5	0.489248
14	42.5	0.49421
15	42.5	0.499628
16	42.5	0.499194
 'hed'
 
1	43	-0.499117
2	43	-0.49947
3	43	-0.494431
4	43	-0.493541
5	43	-0.487519
6	43	-0.496728
7	43	-0.492587
8	43	-0.394372
9	43	0.394372
10	43	0.492587
11	43	0.496728
12	43	0.487519
13	43	0.493541
14	43	0.494431
15	43	0.49947
16	43	0.499117
 'hed'
 
1	43.5	-0.498943
2	43.5	-0.499047
3	43.5	-0.49499
4	43.5	-0.496901
5	43.5	-0.486098
6	43.5	-0.495118
7	43.5	-0.493604
8	43.5	-0.359523
9	43.5	0.359523
10	43.5	0.493604
11	43.5	0.495118
12	43.5	0.486098
13	43.5	0.496901
14	43.5	0.49499
15	43.5	0.499047
16	43.5	0.498943
 'hed'
 
1	44	-0.498753
2	44	-0.498437
3	44	-0.49614
4	44	-0.49824
5	44	-0.48798
6	44	-0.489824
7	44	-0.486745
8	44	-0.389254
9	44	0.389254
10	44	0.486745
11	44	0.489824
12	44	0.48798
13	44	0.49824
14	44	0.49614
15	44	0.498437
16	44	0.498753
 'hed'
 
1	44.5	-0.498641
2	44.5	-0.49779
3	44.5	-0.497608
4	44.5	-0.497811
5	44.5	-0.492559
6	44.5	-0.480716
7	44.5	-0.481703
8	44.5	-0.432905
9	44.5	0.432905
10	44.5	0.481703
11	44.5	0.480716
12	44.5	0.492559
13	44.5	0.497811
14	44.5	0.497608
15	44.5	0.49779
16	44.5	0.498641
 'hed'
 
1	45	-0.498683
2	45	-0.497273
3	45	-0.498795
4	45	-0.496972
5	45	-0.49677
6	45	-0.473068
7	45	-0.483757
8	45	-0.422189
9	45	0.422189
10	45	0.483757
11	45	0.473068
12	45	0.49677
13	45	0.496972
14	45	0.498795
15	45	0.497273
16	45	0.498683
 'hed'
 
1	45.5	-0.498896
2	45.5	-0.497008
3	45.5	-0.499243
4	45.5	-0.496977
5	45.5	-0.497517
6	45.5	-0.473837
7	45.5	-0.48321
8	45.5	-0.367866
9	45.5	0.367866
10	45.5	0.48321
11	45.5	0.473837
12	45.5	0.497517
13	45.5	0.496977
14	45.5	0.499243
15	45.5	0.497008
16	45.5	0.498896
 'hed'
 
1	46	-0.499222
2	46	-0.497048
3	46	-0.498944
4	46	-0.497936
5	46	-0.49468
6	46	-0.483218
7	46	-0.472795
8	46	-0.330214
9	46	0.330214
10	46	0.472795
11	46	0.483218
12	46	0.49468
13	46	0.497936
14	46	0.498944
15	46	0.497048
16	46	0.499222
 'hed'
 
1	46.5	-0.499547
2	46.5	-0.49739
3	46.5	-0.49824
4	46.5	-0.498964
5	46.5	-0.490993
6	46.5	-0.493503
7	46.5	-0.462543
8	46.5	-0.334127
9	46.5	0.334127
10	46.5	0.462543
11	46.5	0.493503
12	46.5	0.490993
13	46.5	0.498964
14	46.5	0.49824
15	46.5	0.49739
16	46.5	0.499547
 'hed'
 
1	47	-0.499765
2	47	-0.497982
3	47	-0.497495
4	47	-0.499135
5	47	-0.489073
6	47	-0.497824
7	47	-0.465721
8	47	-0.361647
9	47	0.361647
10	47	0.465721
11	47	0.497824
12	47	0.489073
13	47	0.499135
14	47	0.497495
15	47	0.497982
16	47	0.499765
 'hed'
 
1	47.5	-0.499847
2	47.5	-0.498702
3	47.5	-0.496873
4	47.5	-0.498156
5	47.5	-0.489417
6	47.5	-0.496817
7	47.5	-0.479421
8	47.5	-0.398889
9	47.5	0.398889
10	47.5	0.479421
11	47.5	0.496817
12	47.5	0.489417
13	47.5	0.498156
14	47.5	0.496873
15	47.5	0.498702
16	47.5	0.499847
