'hed'

1	1.33227e-15	0
2	1.33227e-15	0
3	1.33227e-15	0
4	1.33227e-15	0	
5	1.33227e-15	0
6	1.33227e-15	0
7	1.33227e-15	0
8	-1.33227e-15	0
9	1.33227e-15	0
10	1.33227e-15	0	
11	1.33227e-15	0
12	1.33227e-15	0
13	1.33227e-15	0
14	1.33227e-15	0
15	1.33227e-15	0


'hed'

1	-3.33067e-16	2
2	-4.62408e-14	2
3	-7.53247e-11	2
4	-6.15021e-08	2
5	-2.14509e-05	2
6	-0.00251272	2
7	-0.0643207	2
8	-0.146489	2
9	-0.0643207	2
10	-0.00251272	2
11	-2.14509e-05	2
12	-6.15021e-08	2
13	-7.53247e-11	2
14	-4.62408e-14	2
15	-3.33067e-16	2
	

'hed'

1	-4.63266e-09	4
2	-6.53301e-07	4
3	-5.32128e-05	4
4	-0.00197376	4
5	-0.0273443	4
6	-0.103683	4
7	-0.0887744	4
8	-0.105092	4
9	-0.0887744	4
10	-0.103683	4
11	-0.0273443	4
12	-0.00197376	4
13	-5.32128e-05	4
14	-6.53301e-07	4
15	-4.63266e-09	4


'hed'

1	-9.16259e-05	6
2	-0.00160302	6
3	-0.0168361	6
4	-0.0670844	6
5	-0.0900621	6
6	-0.0741077	6
7	-0.115209	6
8	-0.0886514	6
9	-0.115209	6
10	-0.0741077	6
11	-0.0900621	6
12	-0.0670844	6
13	-0.0168361	6
14	-0.00160302	6
15	-9.16259e-05	6


'hed'

1	-0.0161345	8
2	-0.0435466	8
3	-0.0795614	8
4	-0.0681639	8
5	-0.0847498	8
6	-0.1051988	8
7	-0.0886935	8
8	-0.114289	8
9	-0.0886935	8
10	-0.105198	8
11	-0.084749	8
12	-0.0681639	8
13	-0.0795614	8
14	-0.0435466	8
15	-0.0161345	8


'hed'

1	-0.0713801	10
2	-0.0607118	10
3	-0.0580672	10
4	-0.0994793	10
5	-0.0883657	10
6	-0.0963028	10
7	-0.104086	10	
8	-0.0974191	10	
9	-0.104086	10	
10	-0.0963028	10
11	-0.0883657	10
12	-0.0994793	10
13	-0.0580672	10
14	-0.0607118	10
15	-0.0713801	10
	

'hed'

1	-0.000431736	12
2	-0.0679082	12
3	-0.0630243	12
4	-0.0642711	12	
5	-0.109894	12
6	-0.0943313	12
7	-0.103105	12
8	-0.0977692	12
9	-0.103105	12
10	-0.0943313	12
11	-0.109894	12
12	-0.0642711	12
13	-0.0630243	12
14	-0.0679082	12
15	-0.000431736	12


'hed'

1	-0.00151883	14
2	-0.00163548	14
3	-0.0430731	14
4	-0.0460942	14
5	-0.0551565	14
6	-0.112659	14
7	-0.0957641	14
8	-0.100753	14
9	-0.0957641	14
10	-0.112659	14
11	-0.0551565	14
12	-0.0460942	14
13	-0.0430731	14
14	-0.00163548	14
15	-0.00151883	14


'hed'

1	-2.12477e-06	16
2	-0.00894834	16
3	-0.00363666	16
4	-0.0238667	16
5	-0.0272338	16
6	-0.0349781	16
7	-0.0873732	16
8	-0.112511	16
9	-0.0873732	16
10	-0.0349781	16
11	-0.0272338	16
12	-0.0238667	16
13	-0.00363666	16
14	-0.00894834	16
15	-2.12477e-06	16


'hed'

1	-0.000432813	18
2	-1.74245e-06	18
3	-0.0154646	18
4	-0.00667277	18
5	-0.0115412	18
6	-0.0141752	18	
7	-0.017517	18
8	-0.0397279	18
9	-0.017517	18
10	-0.0141752	18
11	-0.0115412	18
12	-0.00667277	18	
13	-0.0154646	18
14	-1.74245e-06	18
15	-0.000432813	18


'hed'

1	-1.74134e-05	20
2	-0.00342026	20
3	-5.55351e-06	20
4	-0.00567619	20
5	-0.012118	20
6	-0.0038808	20
7	-0.000183879	20	
8	-0.0150206	20
9	-0.000183879	20
10	-0.0038808	20
11	-0.012118	20
12	-0.00567619	20
13	-5.55351e-06	20	
14	-0.00342026	20	
15	-1.74134e-05	20


'hed'

1	-0.000115277	22
2	-0.00128526	22
3	-0.000242915	22
4	-0.00186735	22
5	-0.000623429	22
6	-0.00832094	22
7	-0.0127092	22
8	-0.0104113	22
9	-0.0127092	22
10	-0.00832094	22
11	-0.000623429	22
12	-0.00186735	22
13	-0.000242915	22
14	-0.00128526	22
15	-0.000115277	22


'hed'

1	-0.00361771	24
2	-0.00189942	24
3	-0.000956332	24
4	-0.013317	24
5	-0.0210824	24
6	-0.0172941	24
7	-0.0161018	24
8	-0.0152209	24
9	-0.0161018	24
10	-0.0172941	24
11	-0.0210824	24
12	-0.013317	24
13	-0.000956332	24	
14	-0.00189942	24
15	-0.00361771	24


'hed'

1	-0.00758952	26
2	-0.00695043	26
3	-0.0424548	26
4	-0.0248922	26	
5	-0.0258339	26
6	-0.0226762	26
7	-0.0221391	26
8	-0.027353	26
9	-0.0221391	26
10	-0.0226762	26
11	-0.0258339	26
12	-0.0248922	26
13	-0.0424548	26
14	-0.00695043	26
15	-0.00758952	26


'hed'

1	-0.0191243	28
2	-0.0198145	28
3	-0.0156621	28
4	-0.0546685	28
5	-0.0343907	28
6	-0.0343542	28
7	-0.0312524	28
8	-0.0209835	28
9	-0.0312524	28	
10	-0.0343542	28
11	-0.0343907	28
12	-0.0546685	28
13	-0.0156621	28
14	-0.0198145	28
15	-0.0191243	28


'hed'

1	-0.00477672	30
2	-0.014949	30
3	-0.0169567	30
4	-0.0279019	30
5	-0.0487668	30
6	-0.0405986	30
7	-0.029852	30
8	-0.0386923	30
9	-0.029852	30
10	-0.0405986	30
11	-0.0487668	30
12	-0.0279019	30
13	-0.0169567	30
14	-0.014949	30
15	-0.00477672	30


'hed'

1	-3.21407e-05	32
2	-0.0166485	32
3	-0.0126053	32
4	-0.012883	32
5	-0.0215796	32
6	-0.0254676	32
7	-0.0488022	32
8	-0.0391284	32
9	-0.0488022	32
10	-0.0254676	32
11	-0.0215796	32
12	-0.012883	32
13	-0.0126053	32
14	-0.0166485	32
15	-3.21407e-05	32
	

