1	0	-0.5
2	0	-0.5
3	0	-0.5
4	0	-0.5
5	0	-0.5
6	0	-0.5
7	0	-0.5
8	0	-0.5
9	0	0.5
10	0	0.5
11	0	0.5
12	0	0.5
13	0	0.5
14	0	0.5
15	0	0.5
16	0	0.5
1	0.1	-0.5
2	0.1	-0.5
3	0.1	-0.5
4	0.1	-0.5
5	0.1	-0.5
6	0.1	-0.5
7	0.1	-0.499998
8	0.1	-0.497505
9	0.1	0.497505
10	0.1	0.499998
11	0.1	0.5
12	0.1	0.5
13	0.1	0.5
14	0.1	0.5
15	0.1	0.5
16	0.1	0.5
1	0.2	-0.5
2	0.2	-0.5
3	0.2	-0.5
4	0.2	-0.5
5	0.2	-0.5
6	0.2	-0.5
7	0.2	-0.499975
8	0.2	-0.490075
9	0.2	0.490075
10	0.2	0.499975
11	0.2	0.5
12	0.2	0.5
13	0.2	0.5
14	0.2	0.5
15	0.2	0.5
16	0.2	0.5
1	0.3	-0.5
2	0.3	-0.5
3	0.3	-0.5
4	0.3	-0.5
5	0.3	-0.5
6	0.3	-0.5
7	0.3	-0.499875
8	0.3	-0.477877
9	0.3	0.477877
10	0.3	0.499875
11	0.3	0.5
12	0.3	0.5
13	0.3	0.5
14	0.3	0.5
15	0.3	0.5
16	0.3	0.5
1	0.4	-0.5
2	0.4	-0.5
3	0.4	-0.5
4	0.4	-0.5
5	0.4	-0.5
6	0.4	-0.499998
7	0.4	-0.499609
8	0.4	-0.461182
9	0.4	0.461182
10	0.4	0.499609
11	0.4	0.499998
12	0.4	0.5
13	0.4	0.5
14	0.4	0.5
15	0.4	0.5
16	0.4	0.5
1	0.5	-0.5
2	0.5	-0.5
3	0.5	-0.5
4	0.5	-0.5
5	0.5	-0.5
6	0.5	-0.499993
7	0.5	-0.499057
8	0.5	-0.440363
9	0.5	0.440363
10	0.5	0.499057
11	0.5	0.499993
12	0.5	0.5
13	0.5	0.5
14	0.5	0.5
15	0.5	0.5
16	0.5	0.5
1	0.6	-0.5
2	0.6	-0.5
3	0.6	-0.5
4	0.6	-0.5
5	0.6	-0.5
6	0.6	-0.499981
7	0.6	-0.498074
8	0.6	-0.415876
9	0.6	0.415876
10	0.6	0.498074
11	0.6	0.499981
12	0.6	0.5
13	0.6	0.5
14	0.6	0.5
15	0.6	0.5
16	0.6	0.5
1	0.7	-0.5
2	0.7	-0.5
3	0.7	-0.5
4	0.7	-0.5
5	0.7	-0.5
6	0.7	-0.499952
7	0.7	-0.496496
8	0.7	-0.388258
9	0.7	0.388258
10	0.7	0.496496
11	0.7	0.499952
12	0.7	0.5
13	0.7	0.5
14	0.7	0.5
15	0.7	0.5
16	0.7	0.5
1	0.8	-0.5
2	0.8	-0.5
3	0.8	-0.5
4	0.8	-0.5
5	0.8	-0.499999
6	0.8	-0.499894
7	0.8	-0.494146
8	0.8	-0.358101
9	0.8	0.358101
10	0.8	0.494146
11	0.8	0.499894
12	0.8	0.499999
13	0.8	0.5
14	0.8	0.5
15	0.8	0.5
16	0.8	0.5
1	0.9	-0.5
2	0.9	-0.5
3	0.9	-0.5
4	0.9	-0.5
5	0.9	-0.499997
6	0.9	-0.499789
7	0.9	-0.490842
8	0.9	-0.326047
9	0.9	0.326047
10	0.9	0.490842
11	0.9	0.499789
12	0.9	0.499997
13	0.9	0.5
14	0.9	0.5
15	0.9	0.5
16	0.9	0.5
1	1	-0.5
2	1	-0.5
3	1	-0.5
4	1	-0.5
5	1	-0.499994
6	1	-0.499611
7	1	-0.486408
8	1	-0.292764
9	1	0.292764
10	1	0.486408
11	1	0.499611
12	1	0.499994
13	1	0.5
14	1	0.5
15	1	0.5
16	1	0.5
1	1.1	-0.5
2	1.1	-0.5
3	1.1	-0.5
4	1.1	-0.5
5	1.1	-0.499987
6	1.1	-0.499327
7	1.1	-0.480677
8	1.1	-0.258928
9	1.1	0.258928
10	1.1	0.480677
11	1.1	0.499327
12	1.1	0.499987
13	1.1	0.5
14	1.1	0.5
15	1.1	0.5
16	1.1	0.5
1	1.2	-0.5
2	1.2	-0.5
3	1.2	-0.5
4	1.2	-0.5
5	1.2	-0.499974
6	1.2	-0.498894
7	1.2	-0.473502
8	1.2	-0.22521
9	1.2	0.22521
10	1.2	0.473502
11	1.2	0.498894
12	1.2	0.499974
13	1.2	0.5
14	1.2	0.5
15	1.2	0.5
16	1.2	0.5
1	1.3	-0.5
2	1.3	-0.5
3	1.3	-0.5
4	1.3	-0.499999
5	1.3	-0.499953
6	1.3	-0.49826
7	1.3	-0.464762
8	1.3	-0.192253
9	1.3	0.192253
10	1.3	0.464762
11	1.3	0.49826
12	1.3	0.499953
13	1.3	0.499999
14	1.3	0.5
15	1.3	0.5
16	1.3	0.5
1	1.4	-0.5
2	1.4	-0.5
3	1.4	-0.5
4	1.4	-0.499998
5	1.4	-0.499916
6	1.4	-0.497366
7	1.4	-0.45437
8	1.4	-0.160662
9	1.4	0.160662
10	1.4	0.45437
11	1.4	0.497366
12	1.4	0.499916
13	1.4	0.499998
14	1.4	0.5
15	1.4	0.5
16	1.4	0.5
1	1.5	-0.5
2	1.5	-0.5
3	1.5	-0.5
4	1.5	-0.499997
5	1.5	-0.499858
6	1.5	-0.496142
7	1.5	-0.442277
8	1.5	-0.130984
9	1.5	0.130984
10	1.5	0.442277
11	1.5	0.496142
12	1.5	0.499858
13	1.5	0.499997
14	1.5	0.5
15	1.5	0.5
16	1.5	0.5
1	1.6	-0.5
2	1.6	-0.5
3	1.6	-0.5
4	1.6	-0.499994
5	1.6	-0.499769
6	1.6	-0.494509
7	1.6	-0.428477
8	1.6	-0.103696
9	1.6	0.103696
10	1.6	0.428477
11	1.6	0.494509
12	1.6	0.499769
13	1.6	0.499994
14	1.6	0.5
15	1.6	0.5
16	1.6	0.5
1	1.7	-0.5
2	1.7	-0.5
3	1.7	-0.5
4	1.7	-0.499989
5	1.7	-0.499636
6	1.7	-0.492385
7	1.7	-0.413009
8	1.7	-0.079196
9	1.7	0.079196
10	1.7	0.413009
11	1.7	0.492385
12	1.7	0.499636
13	1.7	0.499989
14	1.7	0.5
15	1.7	0.5
16	1.7	0.5
1	1.8	-0.5
2	1.8	-0.5
3	1.8	-0.5
4	1.8	-0.499981
5	1.8	-0.499443
6	1.8	-0.489681
7	1.8	-0.395957
8	1.8	-0.0577954
9	1.8	0.0577954
10	1.8	0.395957
11	1.8	0.489681
12	1.8	0.499443
13	1.8	0.499981
14	1.8	0.5
15	1.8	0.5
16	1.8	0.5
1	1.9	-0.5
2	1.9	-0.5
3	1.9	-0.499999
4	1.9	-0.499969
5	1.9	-0.49917
6	1.9	-0.486305
7	1.9	-0.377454
8	1.9	-0.0397109
9	1.9	0.0397109
10	1.9	0.377454
11	1.9	0.486305
12	1.9	0.49917
13	1.9	0.499969
14	1.9	0.499999
15	1.9	0.5
16	1.9	0.5
1	2	-0.5
2	2	-0.5
3	2	-0.499999
4	2	-0.499949
5	2	-0.498793
6	2	-0.482167
7	2	-0.357675
8	2	-0.0250635
9	2	0.0250635
10	2	0.357675
11	2	0.482167
12	2	0.498793
13	2	0.499949
14	2	0.499999
15	2	0.5
16	2	0.5
1	2.1	-0.5
2	2.1	-0.5
3	2.1	-0.499997
4	2.1	-0.499919
5	2.1	-0.498283
6	2.1	-0.477178
7	2.1	-0.336835
8	2.1	-0.0138789
9	2.1	0.0138789
10	2.1	0.336835
11	2.1	0.477178
12	2.1	0.498283
13	2.1	0.499919
14	2.1	0.499997
15	2.1	0.5
16	2.1	0.5
1	2.2	-0.5
2	2.2	-0.5
3	2.2	-0.499996
4	2.2	-0.499876
5	2.2	-0.497606
6	2.2	-0.471256
7	2.2	-0.315185
8	2.2	-0.00608991
9	2.2	0.00608991
10	2.2	0.315185
11	2.2	0.471256
12	2.2	0.497606
13	2.2	0.499876
14	2.2	0.499996
15	2.2	0.5
16	2.2	0.5
1	2.3	-0.5
2	2.3	-0.5
3	2.3	-0.499993
4	2.3	-0.499813
5	2.3	-0.496722
6	2.3	-0.46433
7	2.3	-0.293005
8	2.3	-0.00154233
9	2.3	0.00154233
10	2.3	0.293005
11	2.3	0.46433
12	2.3	0.496722
13	2.3	0.499813
14	2.3	0.499993
15	2.3	0.5
16	2.3	0.5
1	2.4	-0.5
2	2.4	-0.5
3	2.4	-0.499988
4	2.4	-0.499725
5	2.4	-0.495589
6	2.4	-0.45634
7	2.4	-0.270596
8	2.4	-3.14424e-06
9	2.4	3.14424e-06
10	2.4	0.270596
11	2.4	0.45634
12	2.4	0.495589
13	2.4	0.499725
14	2.4	0.499988
15	2.4	0.5
16	2.4	0.5
1	2.5	-0.5
2	2.5	-0.499999
3	2.5	-0.499982
4	2.5	-0.499601
5	2.5	-0.494157
6	2.5	-0.447242
7	2.5	-0.248273
8	2.5	-0.00117049
9	2.5	0.00117049
10	2.5	0.248273
11	2.5	0.447242
12	2.5	0.494157
13	2.5	0.499601
14	2.5	0.499982
15	2.5	0.499999
16	2.5	0.5
1	2.6	-0.5
2	2.6	-0.499999
3	2.6	-0.499971
4	2.6	-0.499433
5	2.6	-0.492375
6	2.6	-0.437012
7	2.6	-0.226355
8	2.6	-0.0046856
9	2.6	0.0046856
10	2.6	0.226355
11	2.6	0.437012
12	2.6	0.492375
13	2.6	0.499433
14	2.6	0.499971
15	2.6	0.499999
16	2.6	0.5
1	2.7	-0.5
2	2.7	-0.499998
3	2.7	-0.499957
4	2.7	-0.499207
5	2.7	-0.490185
6	2.7	-0.425646
7	2.7	-0.205158
8	2.7	-0.0101459
9	2.7	0.0101459
10	2.7	0.205158
11	2.7	0.425646
12	2.7	0.490185
13	2.7	0.499207
14	2.7	0.499957
15	2.7	0.499998
16	2.7	0.5
1	2.8	-0.5
2	2.8	-0.499997
3	2.8	-0.499935
4	2.8	-0.498907
5	2.8	-0.487529
6	2.8	-0.413164
7	2.8	-0.184981
8	2.8	-0.0171192
9	2.8	0.0171192
10	2.8	0.184981
11	2.8	0.413164
12	2.8	0.487529
13	2.8	0.498907
14	2.8	0.499935
15	2.8	0.499997
16	2.8	0.5
1	2.9	-0.5
2	2.9	-0.499996
3	2.9	-0.499905
4	2.9	-0.498516
5	2.9	-0.484347
6	2.9	-0.399612
7	2.9	-0.166104
8	2.9	-0.0251578
9	2.9	0.0251578
10	2.9	0.166104
11	2.9	0.399612
12	2.9	0.484347
13	2.9	0.498516
14	2.9	0.499905
15	2.9	0.499996
16	2.9	0.5
1	3	-0.5
2	3	-0.499993
3	3	-0.499863
4	3	-0.498012
5	3	-0.480579
6	3	-0.385059
7	3	-0.148774
8	3	-0.0338135
9	3	0.0338135
10	3	0.148774
11	3	0.385059
12	3	0.480579
13	3	0.498012
14	3	0.499863
15	3	0.499993
16	3	0.5
1	3.1	-0.5
2	3.1	-0.49999
3	3.1	-0.499806
4	3.1	-0.497371
5	3.1	-0.476166
6	3.1	-0.369602
7	3.1	-0.133204
8	3.1	-0.0426508
9	3.1	0.0426508
10	3.1	0.133204
11	3.1	0.369602
12	3.1	0.476166
13	3.1	0.497371
14	3.1	0.499806
15	3.1	0.49999
16	3.1	0.5
1	3.2	-0.499999
2	3.2	-0.499985
3	3.2	-0.499728
4	3.2	-0.496565
5	3.2	-0.471054
6	3.2	-0.35336
7	3.2	-0.119561
8	3.2	-0.0512602
9	3.2	0.0512602
10	3.2	0.119561
11	3.2	0.35336
12	3.2	0.471054
13	3.2	0.496565
14	3.2	0.499728
15	3.2	0.499985
16	3.2	0.499999
1	3.3	-0.499999
2	3.3	-0.499977
3	3.3	-0.499623
4	3.3	-0.495564
5	3.3	-0.465192
6	3.3	-0.336477
7	3.3	-0.107962
8	3.3	-0.05927
9	3.3	0.05927
10	3.3	0.107962
11	3.3	0.336477
12	3.3	0.465192
13	3.3	0.495564
14	3.3	0.499623
15	3.3	0.499977
16	3.3	0.499999
1	3.4	-0.499998
2	3.4	-0.499967
3	3.4	-0.499486
4	3.4	-0.494332
5	3.4	-0.458536
6	3.4	-0.319117
7	3.4	-0.0984775
8	3.4	-0.0663556
9	3.4	0.0663556
10	3.4	0.0984775
11	3.4	0.319117
12	3.4	0.458536
13	3.4	0.494332
14	3.4	0.499486
15	3.4	0.499967
16	3.4	0.499998
1	3.5	-0.499997
2	3.5	-0.499952
3	3.5	-0.499305
4	3.5	-0.492835
5	3.5	-0.451053
6	3.5	-0.301462
7	3.5	-0.0911211
8	3.5	-0.0722485
9	3.5	0.0722485
10	3.5	0.0911211
11	3.5	0.301462
12	3.5	0.451053
13	3.5	0.492835
14	3.5	0.499305
15	3.5	0.499952
16	3.5	0.499997
1	3.6	-0.499996
2	3.6	-0.499932
3	3.6	-0.499073
4	3.6	-0.49103
5	3.6	-0.442719
6	3.6	-0.283707
7	3.6	-0.0858551
8	3.6	-0.0767415
9	3.6	0.0767415
10	3.6	0.0858551
11	3.6	0.283707
12	3.6	0.442719
13	3.6	0.49103
14	3.6	0.499073
15	3.6	0.499932
16	3.6	0.499996
1	3.7	-0.499994
2	3.7	-0.499905
3	3.7	-0.498775
4	3.7	-0.488878
5	3.7	-0.433522
6	3.7	-0.266057
7	3.7	-0.0825905
8	3.7	-0.0796924
9	3.7	0.0796924
10	3.7	0.0825905
11	3.7	0.266057
12	3.7	0.433522
13	3.7	0.488878
14	3.7	0.498775
15	3.7	0.499905
16	3.7	0.499994
1	3.8	-0.499991
2	3.8	-0.499868
3	3.8	-0.498399
4	3.8	-0.486334
5	3.8	-0.423466
6	3.8	-0.24872
7	3.8	-0.0811902
8	3.8	-0.0810258
9	3.8	0.0810258
10	3.8	0.0811902
11	3.8	0.24872
12	3.8	0.423466
13	3.8	0.486334
14	3.8	0.498399
15	3.8	0.499868
16	3.8	0.499991
1	3.9	-0.499987
2	3.9	-0.499819
3	3.9	-0.497927
4	3.9	-0.483355
5	3.9	-0.412568
6	3.9	-0.231906
7	3.9	-0.0814743
8	3.9	-0.0807321
9	3.9	0.0807321
10	3.9	0.0814743
11	3.9	0.231906
12	3.9	0.412568
13	3.9	0.483355
14	3.9	0.497927
15	3.9	0.499819
16	3.9	0.499987
1	4	-0.499981
2	4	-0.499754
3	4	-0.497342
4	4	-0.479896
5	4	-0.400862
6	4	-0.215815
7	4	-0.0832257
8	4	-0.078864
9	4	0.078864
10	4	0.0832257
11	4	0.215815
12	4	0.400862
13	4	0.479896
14	4	0.497342
15	4	0.499754
16	4	0.499981
1	4.1	-0.499973
2	4.1	-0.499669
3	4.1	-0.496623
4	4.1	-0.475915
5	4.1	-0.388401
6	4.1	-0.200639
7	4.1	-0.0861974
8	4.1	-0.0755321
9	4.1	0.0755321
10	4.1	0.0861974
11	4.1	0.200639
12	4.1	0.388401
13	4.1	0.475915
14	4.1	0.496623
15	4.1	0.499669
16	4.1	0.499973
1	4.2	-0.499962
2	4.2	-0.49956
3	4.2	-0.495746
4	4.2	-0.471369
5	4.2	-0.375251
6	4.2	-0.186552
7	4.2	-0.0901206
8	4.2	-0.0708976
9	4.2	0.0708976
10	4.2	0.0901206
11	4.2	0.186552
12	4.2	0.375251
13	4.2	0.471369
14	4.2	0.495746
15	4.2	0.49956
16	4.2	0.499962
1	4.3	-0.499947
2	4.3	-0.499419
3	4.3	-0.494685
4	4.3	-0.466222
5	4.3	-0.361497
6	4.3	-0.173707
7	4.3	-0.0947129
8	4.3	-0.0651645
9	4.3	0.0651645
10	4.3	0.0947129
11	4.3	0.173707
12	4.3	0.361497
13	4.3	0.466222
14	4.3	0.494685
15	4.3	0.499419
16	4.3	0.499947
1	4.4	-0.499926
2	4.4	-0.499241
3	4.4	-0.493414
4	4.4	-0.46044
5	4.4	-0.347239
6	4.4	-0.162231
7	4.4	-0.0996878
8	4.4	-0.0585699
9	4.4	0.0585699
10	4.4	0.0996878
11	4.4	0.162231
12	4.4	0.347239
13	4.4	0.46044
14	4.4	0.493414
15	4.4	0.499241
16	4.4	0.499926
1	4.5	-0.499899
2	4.5	-0.499017
3	4.5	-0.491902
4	4.5	-0.453995
5	4.5	-0.332594
6	4.5	-0.152221
7	4.5	-0.104763
8	4.5	-0.0513737
9	4.5	0.0513737
10	4.5	0.104763
11	4.5	0.152221
12	4.5	0.332594
13	4.5	0.453995
14	4.5	0.491902
15	4.5	0.499017
16	4.5	0.499899
1	4.6	-0.499863
2	4.6	-0.498737
3	4.6	-0.490118
4	4.6	-0.446867
5	4.6	-0.317688
6	4.6	-0.143743
7	4.6	-0.109668
8	4.6	-0.0438488
9	4.6	0.0438488
10	4.6	0.109668
11	4.6	0.143743
12	4.6	0.317688
13	4.6	0.446867
14	4.6	0.490118
15	4.6	0.498737
16	4.6	0.499863
1	4.7	-0.499815
2	4.7	-0.498391
3	4.7	-0.488029
4	4.7	-0.439043
5	4.7	-0.302661
6	4.7	-0.136828
7	4.7	-0.114156
8	4.7	-0.0362695
9	4.7	0.0362695
10	4.7	0.114156
11	4.7	0.136828
12	4.7	0.302661
13	4.7	0.439043
14	4.7	0.488029
15	4.7	0.498391
16	4.7	0.499815
1	4.8	-0.499753
2	4.8	-0.497965
3	4.8	-0.4856
4	4.8	-0.43052
5	4.8	-0.28766
6	4.8	-0.131472
7	4.8	-0.118004
8	4.8	-0.0289022
9	4.8	0.0289022
10	4.8	0.118004
11	4.8	0.131472
12	4.8	0.28766
13	4.8	0.43052
14	4.8	0.4856
15	4.8	0.497965
16	4.8	0.499753
1	4.9	-0.499672
2	4.9	-0.497447
3	4.9	-0.482797
4	4.9	-0.421307
5	4.9	-0.272837
6	4.9	-0.127636
7	4.9	-0.121028
8	4.9	-0.0219951
9	4.9	0.0219951
10	4.9	0.121028
11	4.9	0.127636
12	4.9	0.272837
13	4.9	0.421307
14	4.9	0.482797
15	4.9	0.497447
16	4.9	0.499672
1	5	-0.499568
2	5	-0.49682
3	5	-0.479584
4	5	-0.41142
5	5	-0.258346
6	5	-0.125247
7	5	-0.123078
8	5	-0.0157703
9	5	0.0157703
10	5	0.123078
11	5	0.125247
12	5	0.258346
13	5	0.41142
14	5	0.479584
15	5	0.49682
16	5	0.499568
1	5.1	-0.499436
2	5.1	-0.496067
3	5.1	-0.475928
4	5.1	-0.400891
5	5.1	-0.244339
6	5.1	-0.124199
7	5.1	-0.124051
8	5.1	-0.0104162
9	5.1	0.0104162
10	5.1	0.124051
11	5.1	0.124199
12	5.1	0.244339
13	5.1	0.400891
14	5.1	0.475928
15	5.1	0.496067
16	5.1	0.499436
1	5.2	-0.499268
2	5.2	-0.495169
3	5.2	-0.471795
4	5.2	-0.389761
5	5.2	-0.230965
6	5.2	-0.124356
7	5.2	-0.123884
8	5.2	-0.00608197
9	5.2	0.00608197
10	5.2	0.123884
11	5.2	0.124356
12	5.2	0.230965
13	5.2	0.389761
14	5.2	0.471795
15	5.2	0.495169
16	5.2	0.499268
1	5.3	-0.499057
2	5.3	-0.494106
3	5.3	-0.467156
4	5.3	-0.378087
5	5.3	-0.21836
6	5.3	-0.12556
7	5.3	-0.122562
8	5.3	-0.00287303
9	5.3	0.00287303
10	5.3	0.122562
11	5.3	0.12556
12	5.3	0.21836
13	5.3	0.378087
14	5.3	0.467156
15	5.3	0.494106
16	5.3	0.499057
1	5.4	-0.498794
2	5.4	-0.492856
3	5.4	-0.461982
4	5.4	-0.365934
5	5.4	-0.206653
6	5.4	-0.127629
7	5.4	-0.120112
8	5.4	-0.000849107
9	5.4	0.000849107
10	5.4	0.120112
11	5.4	0.127629
12	5.4	0.206653
13	5.4	0.365934
14	5.4	0.461982
15	5.4	0.492856
16	5.4	0.498794
1	5.5	-0.498468
2	5.5	-0.491397
3	5.5	-0.45625
4	5.5	-0.353382
5	5.5	-0.195954
6	5.5	-0.130368
7	5.5	-0.116604
8	5.5	-2.33802e-05
9	5.5	2.33802e-05
10	5.5	0.116604
11	5.5	0.130368
12	5.5	0.195954
13	5.5	0.353382
14	5.5	0.45625
15	5.5	0.491397
16	5.5	0.498468
1	5.6	-0.498065
2	5.6	-0.489704
3	5.6	-0.449941
4	5.6	-0.34052
5	5.6	-0.186355
6	5.6	-0.133569
7	5.6	-0.112142
8	5.6	-0.000363663
9	5.6	0.000363663
10	5.6	0.112142
11	5.6	0.133569
12	5.6	0.186355
13	5.6	0.34052
14	5.6	0.449941
15	5.6	0.489704
16	5.6	0.498065
1	5.7	-0.497571
2	5.7	-0.487753
3	5.7	-0.443041
4	5.7	-0.327448
5	5.7	-0.177928
6	5.7	-0.137025
7	5.7	-0.106867
8	5.7	-0.00179514
9	5.7	0.00179514
10	5.7	0.106867
11	5.7	0.137025
12	5.7	0.177928
13	5.7	0.327448
14	5.7	0.443041
15	5.7	0.487753
16	5.7	0.497571
1	5.8	-0.496971
2	5.8	-0.485519
3	5.8	-0.435544
4	5.8	-0.314273
5	5.8	-0.170721
6	5.8	-0.140527
7	5.8	-0.100943
8	5.8	-0.0042046
9	5.8	0.0042046
10	5.8	0.100943
11	5.8	0.140527
12	5.8	0.170721
13	5.8	0.314273
14	5.8	0.435544
15	5.8	0.485519
16	5.8	0.496971
1	5.9	-0.496243
2	5.9	-0.482977
3	5.9	-0.427451
4	5.9	-0.301111
5	5.9	-0.164757
6	5.9	-0.143878
7	5.9	-0.0945555
8	5.9	-0.00744596
9	5.9	0.00744596
10	5.9	0.0945555
11	5.9	0.143878
12	5.9	0.164757
13	5.9	0.301111
14	5.9	0.427451
15	5.9	0.482977
16	5.9	0.496243
1	6	-0.495368
2	6	-0.480104
3	6	-0.418768
4	6	-0.28808
5	6	-0.160034
6	6	-0.146891
7	6	-0.0879015
8	6	-0.0113469
9	6	0.0113469
10	6	0.0879015
11	6	0.146891
12	6	0.160034
13	6	0.28808
14	6	0.418768
15	6	0.480104
16	6	0.495368
1	6.1	-0.49432
2	6.1	-0.476877
3	6.1	-0.409514
4	6.1	-0.275301
5	6.1	-0.156524
6	6.1	-0.149401
7	6.1	-0.0811836
8	6.1	-0.015716
9	6.1	0.015716
10	6.1	0.0811836
11	6.1	0.149401
12	6.1	0.156524
13	6.1	0.275301
14	6.1	0.409514
15	6.1	0.476877
16	6.1	0.49432
1	6.2	-0.493074
2	6.2	-0.473274
3	6.2	-0.399714
4	6.2	-0.262896
5	6.2	-0.154173
6	6.2	-0.151267
7	6.2	-0.0746021
8	6.2	-0.0203508
9	6.2	0.0203508
10	6.2	0.0746021
11	6.2	0.151267
12	6.2	0.154173
13	6.2	0.262896
14	6.2	0.399714
15	6.2	0.473274
16	6.2	0.493074
1	6.3	-0.491598
2	6.3	-0.469278
3	6.3	-0.389403
4	6.3	-0.250983
5	6.3	-0.152904
6	6.3	-0.152374
7	6.3	-0.0683474
8	6.3	-0.0250457
9	6.3	0.0250457
10	6.3	0.0683474
11	6.3	0.152374
12	6.3	0.152904
13	6.3	0.250983
14	6.3	0.389403
15	6.3	0.469278
16	6.3	0.491598
1	6.4	-0.489861
2	6.4	-0.464872
3	6.4	-0.378625
4	6.4	-0.239675
5	6.4	-0.152618
6	6.4	-0.152638
7	6.4	-0.062594
8	6.4	-0.0295998
9	6.4	0.0295998
10	6.4	0.062594
11	6.4	0.152638
12	6.4	0.152618
13	6.4	0.239675
14	6.4	0.378625
15	6.4	0.464872
16	6.4	0.489861
1	6.5	-0.487826
2	6.5	-0.460045
3	6.5	-0.367432
4	6.5	-0.229077
5	6.5	-0.153193
6	6.5	-0.152007
7	6.5	-0.0574941
8	6.5	-0.0338243
9	6.5	0.0338243
10	6.5	0.0574941
11	6.5	0.152007
12	6.5	0.153193
13	6.5	0.229077
14	6.5	0.367432
15	6.5	0.460045
16	6.5	0.487826
1	6.6	-0.485456
2	6.6	-0.454791
3	6.6	-0.355887
4	6.6	-0.219285
5	6.6	-0.154495
6	6.6	-0.150462
7	6.6	-0.053173
8	6.6	-0.0375496
9	6.6	0.0375496
10	6.6	0.053173
11	6.6	0.150462
12	6.6	0.154495
13	6.6	0.219285
14	6.6	0.355887
15	6.6	0.454791
16	6.6	0.485456
1	6.7	-0.482708
2	6.7	-0.449108
3	6.7	-0.344059
4	6.7	-0.21038
5	6.7	-0.156373
6	6.7	-0.148018
7	6.7	-0.049725
8	6.7	-0.0406307
9	6.7	0.0406307
10	6.7	0.049725
11	6.7	0.148018
12	6.7	0.156373
13	6.7	0.21038
14	6.7	0.344059
15	6.7	0.449108
16	6.7	0.482708
1	6.8	-0.479538
2	6.8	-0.442999
3	6.8	-0.332025
4	6.8	-0.20243
5	6.8	-0.158669
6	6.8	-0.14472
7	6.8	-0.0472109
8	6.8	-0.0429523
9	6.8	0.0429523
10	6.8	0.0472109
11	6.8	0.14472
12	6.8	0.158669
13	6.8	0.20243
14	6.8	0.332025
15	6.8	0.442999
16	6.8	0.479538
1	6.9	-0.4759
2	6.9	-0.436477
3	6.9	-0.319868
4	6.9	-0.195484
5	6.9	-0.161221
6	6.9	-0.140642
7	6.9	-0.0456567
8	6.9	-0.0444322
9	6.9	0.0444322
10	6.9	0.0456567
11	6.9	0.140642
12	6.9	0.161221
13	6.9	0.195484
14	6.9	0.319868
15	6.9	0.436477
16	6.9	0.4759
1	7	-0.471744
2	7	-0.429557
3	7	-0.307677
4	7	-0.189575
5	7	-0.163864
6	7	-0.135887
7	7	-0.0450533
8	7	-0.0450237
9	7	0.0450237
10	7	0.0450533
11	7	0.135887
12	7	0.163864
13	7	0.189575
14	7	0.307677
15	7	0.429557
16	7	0.471744
1	7.1	-0.467019
2	7.1	-0.422266
3	7.1	-0.295543
4	7.1	-0.184714
5	7.1	-0.166439
6	7.1	-0.130576
7	7.1	-0.0453578
8	7.1	-0.044716
9	7.1	0.044716
10	7.1	0.0453578
11	7.1	0.130576
12	7.1	0.166439
13	7.1	0.184714
14	7.1	0.295543
15	7.1	0.422266
16	7.1	0.467019
1	7.2	-0.461673
2	7.2	-0.414636
3	7.2	-0.283561
4	7.2	-0.180894
5	7.2	-0.168796
6	7.2	-0.124849
7	7.2	-0.0464959
8	7.2	-0.0435337
9	7.2	0.0435337
10	7.2	0.0464959
11	7.2	0.124849
12	7.2	0.168796
13	7.2	0.180894
14	7.2	0.283561
15	7.2	0.414636
16	7.2	0.461673
1	7.3	-0.455652
2	7.3	-0.406708
3	7.3	-0.271824
4	7.3	-0.178087
5	7.3	-0.170797
6	7.3	-0.11886
7	7.3	-0.0483656
8	7.3	-0.0415353
9	7.3	0.0415353
10	7.3	0.0483656
11	7.3	0.11886
12	7.3	0.170797
13	7.3	0.178087
14	7.3	0.271824
15	7.3	0.406708
16	7.3	0.455652
1	7.4	-0.448903
2	7.4	-0.39853
3	7.4	-0.260425
4	7.4	-0.176244
5	7.4	-0.172319
6	7.4	-0.112766
7	7.4	-0.0508411
8	7.4	-0.0388092
9	7.4	0.0388092
10	7.4	0.0508411
11	7.4	0.112766
12	7.4	0.172319
13	7.4	0.176244
14	7.4	0.260425
15	7.4	0.39853
16	7.4	0.448903
1	7.5	-0.441372
2	7.5	-0.390159
3	7.5	-0.249454
4	7.5	-0.175298
5	7.5	-0.17326
6	7.5	-0.106728
7	7.5	-0.0537785
8	7.5	-0.0354704
9	7.5	0.0354704
10	7.5	0.0537785
11	7.5	0.106728
12	7.5	0.17326
13	7.5	0.175298
14	7.5	0.249454
15	7.5	0.390159
16	7.5	0.441372
1	7.6	-0.433005
2	7.6	-0.381656
3	7.6	-0.238995
4	7.6	-0.175164
5	7.6	-0.173542
6	7.6	-0.100901
7	7.6	-0.0570212
8	7.6	-0.0316546
9	7.6	0.0316546
10	7.6	0.0570212
11	7.6	0.100901
12	7.6	0.173542
13	7.6	0.175164
14	7.6	0.238995
15	7.6	0.381656
16	7.6	0.433005
1	7.7	-0.423754
2	7.7	-0.373092
3	7.7	-0.229124
4	7.7	-0.175741
5	7.7	-0.173109
6	7.7	-0.0954316
7	7.7	-0.0604064
8	7.7	-0.027513
9	7.7	0.027513
10	7.7	0.0604064
11	7.7	0.0954316
12	7.7	0.173109
13	7.7	0.175741
14	7.7	0.229124
15	7.7	0.373092
16	7.7	0.423754
1	7.8	-0.413568
2	7.8	-0.364542
3	7.8	-0.219912
4	7.8	-0.176914
5	7.8	-0.17193
6	7.8	-0.09045
7	7.8	-0.0637704
8	7.8	-0.0232057
9	7.8	0.0232057
10	7.8	0.0637704
11	7.8	0.09045
12	7.8	0.17193
13	7.8	0.176914
14	7.8	0.219912
15	7.8	0.364542
16	7.8	0.413568
1	7.9	-0.402405
2	7.9	-0.356084
3	7.9	-0.211415
4	7.9	-0.178556
5	7.9	-0.170003
6	7.9	-0.0860687
7	7.9	-0.0669557
8	7.9	-0.0188955
9	7.9	0.0188955
10	7.9	0.0669557
11	7.9	0.0860687
12	7.9	0.170003
13	7.9	0.178556
14	7.9	0.211415
15	7.9	0.356084
16	7.9	0.402405
1	8	-0.390223
2	8	-0.347802
3	8	-0.203682
4	8	-0.180533
5	8	-0.167349
6	8	-0.0823774
7	8	-0.0698159
8	8	-0.0147414
9	8	0.0147414
10	8	0.0698159
11	8	0.0823774
12	8	0.167349
13	8	0.180533
14	8	0.203682
15	8	0.347802
16	8	0.390223
1	8.1	-0.37699
2	8.1	-0.339781
3	8.1	-0.196747
4	8.1	-0.182705
5	8.1	-0.164015
6	8.1	-0.0794407
7	8.1	-0.0722213
8	8.1	-0.0108928
9	8.1	0.0108928
10	8.1	0.0722213
11	8.1	0.0794407
12	8.1	0.164015
13	8.1	0.182705
14	8.1	0.196747
15	8.1	0.339781
16	8.1	0.37699
1	8.2	-0.362677
2	8.2	-0.332104
3	8.2	-0.190631
4	8.2	-0.184933
5	8.2	-0.160072
6	8.2	-0.0772964
7	8.2	-0.0740628
8	8.2	-0.00748345
9	8.2	0.00748345
10	8.2	0.0740628
11	8.2	0.0772964
12	8.2	0.160072
13	8.2	0.184933
14	8.2	0.190631
15	8.2	0.332104
16	8.2	0.362677
1	8.3	-0.347264
2	8.3	-0.324855
3	8.3	-0.185341
4	8.3	-0.187076
5	8.3	-0.155608
6	8.3	-0.0759544
7	8.3	-0.0752562
8	8.3	-0.00462736
9	8.3	0.00462736
10	8.3	0.0752562
11	8.3	0.0759544
12	8.3	0.155608
13	8.3	0.187076
14	8.3	0.185341
15	8.3	0.324855
16	8.3	0.347264
1	8.4	-0.330741
2	8.4	-0.318113
3	8.4	-0.180872
4	8.4	-0.189001
5	8.4	-0.15073
6	8.4	-0.0753972
7	8.4	-0.0757442
8	8.4	-0.00241431
9	8.4	0.00241431
10	8.4	0.0757442
11	8.4	0.0753972
12	8.4	0.15073
13	8.4	0.189001
14	8.4	0.180872
15	8.4	0.318113
16	8.4	0.330741
1	8.5	-0.313104
2	8.5	-0.31195
3	8.5	-0.177201
4	8.5	-0.190581
5	8.5	-0.14556
6	8.5	-0.0755812
7	8.5	-0.0754979
8	8.5	-0.000907128
9	8.5	0.000907128
10	8.5	0.0754979
11	8.5	0.0755812
12	8.5	0.14556
13	8.5	0.190581
14	8.5	0.177201
15	8.5	0.31195
16	8.5	0.313104
1	8.6	-0.294363
2	8.6	-0.306433
3	8.6	-0.174297
4	8.6	-0.191703
5	8.6	-0.140225
6	8.6	-0.0764382
7	8.6	-0.0745175
8	8.6	-0.000139884
9	8.6	0.000139884
10	8.6	0.0745175
11	8.6	0.0764382
12	8.6	0.140225
13	8.6	0.191703
14	8.6	0.174297
15	8.6	0.306433
16	8.6	0.294363
1	8.7	-0.274536
2	8.7	-0.301616
3	8.7	-0.172113
4	8.7	-0.192265
5	8.7	-0.134861
6	8.7	-0.0778788
7	8.7	-0.0728314
8	8.7	-0.000117193
9	8.7	0.000117193
10	8.7	0.0728314
11	8.7	0.0778788
12	8.7	0.134861
13	8.7	0.192265
14	8.7	0.172113
15	8.7	0.301616
16	8.7	0.274536
1	8.8	-0.253654
2	8.8	-0.297545
3	8.8	-0.170592
4	8.8	-0.192185
5	8.8	-0.129602
6	8.8	-0.079796
7	8.8	-0.0704945
8	8.8	-0.000814708
9	8.8	0.000814708
10	8.8	0.0704945
11	8.8	0.079796
12	8.8	0.129602
13	8.8	0.192185
14	8.8	0.170592
15	8.8	0.297545
16	8.8	0.253654
1	8.9	-0.23176
2	8.9	-0.294248
3	8.9	-0.169668
4	8.9	-0.191397
5	8.9	-0.124579
6	8.9	-0.0820692
7	8.9	-0.0675856
8	8.9	-0.00218069
9	8.9	0.00218069
10	8.9	0.0675856
11	8.9	0.0820692
12	8.9	0.124579
13	8.9	0.191397
14	8.9	0.169668
15	8.9	0.294248
16	8.9	0.23176
1	9	-0.208909
2	9	-0.291741
3	9	-0.169266
4	9	-0.189855
5	9	-0.119913
6	9	-0.0845689
7	9	-0.0642038
8	9	-0.00413862
9	9	0.00413862
10	9	0.0642038
11	9	0.0845689
12	9	0.119913
13	9	0.189855
14	9	0.169266
15	9	0.291741
16	9	0.208909
1	9.1	-0.185169
2	9.1	-0.29002
3	9.1	-0.169308
4	9.1	-0.187534
5	9.1	-0.115714
6	9.1	-0.0871617
7	9.1	-0.0604643
8	9.1	-0.00659069
9	9.1	0.00659069
10	9.1	0.0604643
11	9.1	0.0871617
12	9.1	0.115714
13	9.1	0.187534
14	9.1	0.169308
15	9.1	0.29002
16	9.1	0.185169
1	9.2	-0.16062
2	9.2	-0.289067
3	9.2	-0.169709
4	9.2	-0.18443
5	9.2	-0.112075
6	9.2	-0.0897151
7	9.2	-0.0564935
8	9.2	-0.00942201
9	9.2	0.00942201
10	9.2	0.0564935
11	9.2	0.0897151
12	9.2	0.112075
13	9.2	0.18443
14	9.2	0.169709
15	9.2	0.289067
16	9.2	0.16062
1	9.3	-0.135353
2	9.3	-0.28884
3	9.3	-0.170387
4	9.3	-0.180558
5	9.3	-0.109072
6	9.3	-0.0921022
7	9.3	-0.0524244
8	9.3	-0.0125055
9	9.3	0.0125055
10	9.3	0.0524244
11	9.3	0.0921022
12	9.3	0.109072
13	9.3	0.180558
14	9.3	0.170387
15	9.3	0.28884
16	9.3	0.135353
1	9.4	-0.109472
2	9.4	-0.289282
3	9.4	-0.171258
4	9.4	-0.175956
5	9.4	-0.106756
6	9.4	-0.0942066
7	9.4	-0.048391
8	9.4	-0.0157069
9	9.4	0.0157069
10	9.4	0.048391
11	9.4	0.0942066
12	9.4	0.106756
13	9.4	0.175956
14	9.4	0.171258
15	9.4	0.289282
16	9.4	0.109472
1	9.5	-0.0830916
2	9.5	-0.290313
3	9.5	-0.172244
4	9.5	-0.170675
5	9.5	-0.105157
6	9.5	-0.0959264
7	9.5	-0.0445231
8	9.5	-0.0188903
9	9.5	0.0188903
10	9.5	0.0445231
11	9.5	0.0959264
12	9.5	0.105157
13	9.5	0.170675
14	9.5	0.172244
15	9.5	0.290313
16	9.5	0.0830916
1	9.6	-0.0563358
2	9.6	-0.291836
3	9.6	-0.173269
4	9.6	-0.164788
5	9.6	-0.104281
6	9.6	-0.0971773
7	9.6	-0.040942
8	9.6	-0.0219233
9	9.6	0.0219233
10	9.6	0.040942
11	9.6	0.0971773
12	9.6	0.104281
13	9.6	0.164788
14	9.6	0.173269
15	9.6	0.291836
16	9.6	0.0563358
1	9.7	-0.0293374
2	9.7	-0.293735
3	9.7	-0.17427
4	9.7	-0.158379
5	9.7	-0.104108
6	9.7	-0.0978963
7	9.7	-0.0377555
8	9.7	-0.0246822
9	9.7	0.0246822
10	9.7	0.0377555
11	9.7	0.0978963
12	9.7	0.104108
13	9.7	0.158379
14	9.7	0.17427
15	9.7	0.293735
16	9.7	0.0293374
1	9.8	-0.00223667
2	9.8	-0.295876
3	9.8	-0.175189
4	9.8	-0.151542
5	9.8	-0.104596
6	9.8	-0.0980427
7	9.8	-0.0350542
8	9.8	-0.0270562
9	9.8	0.0270562
10	9.8	0.0350542
11	9.8	0.0980427
12	9.8	0.104596
13	9.8	0.151542
14	9.8	0.175189
15	9.8	0.295876
16	9.8	0.00223667
1	9.9	0.0248207
2	9.9	-0.298111
3	9.9	-0.175981
4	9.9	-0.144382
5	9.9	-0.105679
6	9.9	-0.0976
7	9.9	-0.0329088
8	9.9	-0.028952
9	9.9	0.028952
10	9.9	0.0329088
11	9.9	0.0976
12	9.9	0.105679
13	9.9	0.144382
14	9.9	0.175981
15	9.9	0.298111
16	9.9	-0.0248207
1	10	0.0516849
2	10	-0.300279
3	10	-0.176612
4	10	-0.137009
5	10	-0.107271
6	10	-0.0965759
7	10	-0.0313671
8	10	-0.0302966
9	10	0.0302966
10	10	0.0313671
11	10	0.0965759
12	10	0.107271
13	10	0.137009
14	10	0.176612
15	10	0.300279
16	10	-0.0516849
1	10.1	0.078204
2	10.1	-0.302207
3	10.1	-0.177061
4	10.1	-0.129533
5	10.1	-0.10927
6	10.1	-0.0950016
7	10.1	-0.0304535
8	10.1	-0.0310398
9	10.1	0.0310398
10	10.1	0.0304535
11	10.1	0.0950016
12	10.1	0.10927
13	10.1	0.129533
14	10.1	0.177061
15	10.1	0.302207
16	10.1	-0.078204
1	10.2	0.104226
2	10.2	-0.303717
3	10.2	-0.17732
4	10.2	-0.122065
5	10.2	-0.111557
6	10.2	-0.0929302
7	10.2	-0.030168
8	10.2	-0.031156
9	10.2	0.031156
10	10.2	0.030168
11	10.2	0.0929302
12	10.2	0.111557
13	10.2	0.122065
14	10.2	0.17732
15	10.2	0.303717
16	10.2	-0.104226
1	10.3	0.129602
2	10.3	-0.304625
3	10.3	-0.177392
4	10.3	-0.114712
5	10.3	-0.114004
6	10.3	-0.0904348
7	10.3	-0.0304869
8	10.3	-0.030644
9	10.3	0.030644
10	10.3	0.0304869
11	10.3	0.0904348
12	10.3	0.114004
13	10.3	0.114712
14	10.3	0.177392
15	10.3	0.304625
16	10.3	-0.129602
1	10.4	0.154186
2	10.4	-0.304748
3	10.4	-0.177294
4	10.4	-0.107572
5	10.4	-0.116477
6	10.4	-0.087605
7	10.4	-0.0313643
8	10.4	-0.0295272
9	10.4	0.0295272
10	10.4	0.0313643
11	10.4	0.087605
12	10.4	0.116477
13	10.4	0.107572
14	10.4	0.177294
15	10.4	0.304748
16	10.4	-0.154186
1	10.5	0.17784
2	10.5	-0.303907
3	10.5	-0.177051
4	10.5	-0.100737
5	10.5	-0.118837
6	10.5	-0.0845434
7	10.5	-0.0327344
8	10.5	-0.0278519
9	10.5	0.0278519
10	10.5	0.0327344
11	10.5	0.0845434
12	10.5	0.118837
13	10.5	0.100737
14	10.5	0.177051
15	10.5	0.303907
16	10.5	-0.17784
1	10.6	0.200432
2	10.6	-0.301931
3	10.6	-0.176697
4	10.6	-0.0942836
5	10.6	-0.120948
6	10.6	-0.0813618
7	10.6	-0.0345145
8	10.6	-0.0256851
9	10.6	0.0256851
10	10.6	0.0345145
11	10.6	0.0813618
12	10.6	0.120948
13	10.6	0.0942836
14	10.6	0.176697
15	10.6	0.301931
16	10.6	-0.200432
1	10.7	0.221843
2	10.7	-0.298658
3	10.7	-0.176274
4	10.7	-0.0882783
5	10.7	-0.122681
6	10.7	-0.0781762
7	10.7	-0.0366085
8	10.7	-0.0231114
9	10.7	0.0231114
10	10.7	0.0366085
11	10.7	0.0781762
12	10.7	0.122681
13	10.7	0.0882783
14	10.7	0.176274
15	10.7	0.298658
16	10.7	-0.221843
1	10.8	0.241967
2	10.8	-0.293946
3	10.8	-0.175829
4	10.8	-0.0827721
5	10.8	-0.123915
6	10.8	-0.0751028
7	10.8	-0.0389112
8	10.8	-0.0202296
9	10.8	0.0202296
10	10.8	0.0389112
11	10.8	0.0751028
12	10.8	0.123915
13	10.8	0.0827721
14	10.8	0.175829
15	10.8	0.293946
16	10.8	-0.241967
1	10.9	0.260711
2	10.9	-0.287669
3	10.9	-0.175408
4	10.9	-0.0778008
5	10.9	-0.124542
6	10.9	-0.0722533
7	10.9	-0.0413126
8	10.9	-0.0171482
9	10.9	0.0171482
10	10.9	0.0413126
11	10.9	0.0722533
12	10.9	0.124542
13	10.9	0.0778008
14	10.9	0.175408
15	10.9	0.287669
16	10.9	-0.260711
1	11	0.277999
2	11	-0.279726
3	11	-0.175059
4	11	-0.0733852
5	11	-0.124472
6	11	-0.0697304
7	11	-0.0437022
8	11	-0.0139815
9	11	0.0139815
10	11	0.0437022
11	11	0.0697304
12	11	0.124472
13	11	0.0733852
14	11	0.175059
15	11	0.279726
16	11	-0.277999
1	11.1	0.293771
2	11.1	-0.270041
3	11.1	-0.174825
4	11.1	-0.0695313
5	11.1	-0.123631
6	11.1	-0.0676237
7	11.1	-0.0459739
8	11.1	-0.0108447
9	11.1	0.0108447
10	11.1	0.0459739
11	11.1	0.0676237
12	11.1	0.123631
13	11.1	0.0695313
14	11.1	0.174825
15	11.1	0.270041
16	11.1	-0.293771
1	11.2	0.307988
2	11.2	-0.25857
3	11.2	-0.174744
4	11.2	-0.0662305
5	11.2	-0.121967
6	11.2	-0.0660066
7	11.2	-0.0480297
8	11.2	-0.00784945
9	11.2	0.00784945
10	11.2	0.0480297
11	11.2	0.0660066
12	11.2	0.121967
13	11.2	0.0662305
14	11.2	0.174744
15	11.2	0.25857
16	11.2	-0.307988
1	11.3	0.320628
2	11.3	-0.245295
3	11.3	-0.174843
4	11.3	-0.0634619
5	11.3	-0.11945
6	11.3	-0.0649329
7	11.3	-0.0497838
8	11.3	-0.00510001
9	11.3	0.00510001
10	11.3	0.0497838
11	11.3	0.0649329
12	11.3	0.11945
13	11.3	0.0634619
14	11.3	0.174843
15	11.3	0.245295
16	11.3	-0.320628
1	11.4	0.331689
2	11.4	-0.230236
3	11.4	-0.175139
4	11.4	-0.061193
5	11.4	-0.116071
6	11.4	-0.0644347
7	11.4	-0.051166
8	11.4	-0.00268898
9	11.4	0.00268898
10	11.4	0.051166
11	11.4	0.0644347
12	11.4	0.116071
13	11.4	0.061193
14	11.4	0.175139
15	11.4	0.230236
16	11.4	-0.331689
1	11.5	0.34119
2	11.5	-0.213442
3	11.5	-0.175636
4	11.5	-0.0593819
5	11.5	-0.111845
6	11.5	-0.0645209
7	11.5	-0.052124
8	11.5	-0.000694204
9	11.5	0.000694204
10	11.5	0.052124
11	11.5	0.0645209
12	11.5	0.111845
13	11.5	0.0593819
14	11.5	0.175636
15	11.5	0.213442
16	11.5	-0.34119
1	11.6	0.34917
2	11.6	-0.194999
3	11.6	-0.176322
4	11.6	-0.0579797
5	11.6	-0.106806
6	11.6	-0.0651766
7	11.6	-0.0526255
8	11.6	0.000823924
9	11.6	-0.000823924
10	11.6	0.0526255
11	11.6	0.0651766
12	11.6	0.106806
13	11.6	0.0579797
14	11.6	0.176322
15	11.6	0.194999
16	11.6	-0.34917
1	11.7	0.355684
2	11.7	-0.175025
3	11.7	-0.177169
4	11.7	-0.0569323
5	11.7	-0.101008
6	11.7	-0.0663632
7	11.7	-0.0526592
8	11.7	0.00182433
9	11.7	-0.00182433
10	11.7	0.0526592
11	11.7	0.0663632
12	11.7	0.101008
13	11.7	0.0569323
14	11.7	0.177169
15	11.7	0.175025
16	11.7	-0.355684
1	11.8	0.360809
2	11.8	-0.153669
3	11.8	-0.178133
4	11.8	-0.0561831
5	11.8	-0.0945237
6	11.8	-0.0680195
7	11.8	-0.0522351
8	11.8	0.0022864
9	11.8	-0.0022864
10	11.8	0.0522351
11	11.8	0.0680195
12	11.8	0.0945237
13	11.8	0.0561831
14	11.8	0.178133
15	11.8	0.153669
16	11.8	-0.360809
1	11.9	0.364635
2	11.9	-0.13111
3	11.9	-0.179151
4	11.9	-0.055675
5	11.9	-0.0874401
6	11.9	-0.0700633
7	11.9	-0.0513838
8	11.9	0.00221016
9	11.9	-0.00221016
10	11.9	0.0513838
11	11.9	0.0700633
12	11.9	0.0874401
13	11.9	0.055675
14	11.9	0.179151
15	11.9	0.13111
16	11.9	-0.364635
1	12	0.36727
2	12	-0.107553
3	12	-0.180147
4	12	-0.0553526
5	12	-0.0798563
6	12	-0.0723941
7	12	-0.050155
8	12	0.0016158
9	12	-0.0016158
10	12	0.050155
11	12	0.0723941
12	12	0.0798563
13	12	0.0553526
14	12	0.180147
15	12	0.107553
16	12	-0.36727
1	12.1	0.368833
2	12.1	-0.0832265
3	12.1	-0.181027
4	12.1	-0.0551643
5	12.1	-0.0718801
6	12.1	-0.0748963
7	12.1	-0.0486154
8	12.1	0.000542248
9	12.1	-0.000542248
10	12.1	0.0486154
11	12.1	0.0748963
12	12.1	0.0718801
13	12.1	0.0551643
14	12.1	0.181027
15	12.1	0.0832265
16	12.1	-0.368833
1	12.2	0.369455
2	12.2	-0.0583785
3	12.2	-0.181686
4	12.2	-0.0550633
5	12.2	-0.0636253
6	12.2	-0.0774426
7	12.2	-0.0468455
8	12.2	-0.000954895
9	12.2	0.000954895
10	12.2	0.0468455
11	12.2	0.0774426
12	12.2	0.0636253
13	12.2	0.0550633
14	12.2	0.181686
15	12.2	0.0583785
16	12.2	-0.369455
1	12.3	0.369274
2	12.3	-0.03327
3	12.3	-0.182007
4	12.3	-0.0550096
5	12.3	-0.0552073
6	12.3	-0.079898
7	12.3	-0.0449366
8	12.3	-0.00280605
9	12.3	0.00280605
10	12.3	0.0449366
11	12.3	0.079898
12	12.3	0.0552073
13	12.3	0.0550096
14	12.3	0.182007
15	12.3	0.03327
16	12.3	-0.369274
1	12.4	0.368437
2	12.4	-0.00817115
3	12.4	-0.181866
4	12.4	-0.0549704
5	12.4	-0.0467407
6	12.4	-0.0821244
7	12.4	-0.0429867
8	12.4	-0.00493088
9	12.4	0.00493088
10	12.4	0.0429867
11	12.4	0.0821244
12	12.4	0.0467407
13	12.4	0.0549704
14	12.4	0.181866
15	12.4	0.00817115
16	12.4	-0.368437
1	12.5	0.367091
2	12.5	0.0166444
3	12.5	-0.181135
4	12.5	-0.0549204
5	12.5	-0.0383355
6	12.5	-0.0839845
7	12.5	-0.0410963
8	12.5	-0.00724186
9	12.5	0.00724186
10	12.5	0.0410963
11	12.5	0.0839845
12	12.5	0.0383355
13	12.5	0.0549204
14	12.5	0.181135
15	12.5	-0.0166444
16	12.5	-0.367091
1	12.6	0.365386
2	12.6	0.0409053
3	12.6	-0.179684
4	12.6	-0.0548423
5	12.6	-0.0300946
6	12.6	-0.0853466
7	12.6	-0.0393643
8	12.6	-0.00964806
9	12.6	0.00964806
10	12.6	0.0393643
11	12.6	0.0853466
12	12.6	0.0300946
13	12.6	0.0548423
14	12.6	0.179684
15	12.6	-0.0409053
16	12.6	-0.365386
1	12.7	0.363467
2	12.7	0.0643485
3	12.7	-0.177389
4	12.7	-0.0547259
5	12.7	-0.0221111
6	12.7	-0.0860883
7	12.7	-0.0378837
8	12.7	-0.012059
9	12.7	0.012059
10	12.7	0.0378837
11	12.7	0.0860883
12	12.7	0.0221111
13	12.7	0.0547259
14	12.7	0.177389
15	12.7	-0.0643485
16	12.7	-0.363467
1	12.8	0.361476
2	12.8	0.0867244
3	12.8	-0.174132
4	12.8	-0.0545676
5	12.8	-0.0144664
6	12.8	-0.0861002
7	12.8	-0.0367376
8	12.8	-0.0143883
9	12.8	0.0143883
10	12.8	0.0367376
11	12.8	0.0861002
12	12.8	0.0144664
13	12.8	0.0545676
14	12.8	0.174132
15	12.8	-0.0867244
16	12.8	-0.361476
1	12.9	0.359548
2	12.9	0.107803
3	12.9	-0.169807
4	12.9	-0.0543691
5	12.9	-0.00722859
6	12.9	-0.0852897
7	12.9	-0.0359959
8	12.9	-0.0165573
9	12.9	0.0165573
10	12.9	0.0359959
11	12.9	0.0852897
12	12.9	0.00722859
13	12.9	0.0543691
14	12.9	0.169807
15	12.9	-0.107803
16	12.9	-0.359548
1	13	0.357807
2	13	0.127378
3	13	-0.164325
4	13	-0.0541359
5	13	-0.000451188
6	13	-0.083583
7	13	-0.0357116
8	13	-0.018498
9	13	0.018498
10	13	0.0357116
11	13	0.083583
12	13	0.000451188
13	13	0.0541359
14	13	0.164325
15	13	-0.127378
16	13	-0.357807
1	13.1	0.356364
2	13.1	0.145272
3	13.1	-0.157617
4	13.1	-0.0538758
5	13.1	0.00582704
6	13.1	-0.0809281
7	13.1	-0.0359188
8	13.1	-0.0201558
9	13.1	0.0201558
10	13.1	0.0359188
11	13.1	0.0809281
12	13.1	-0.00582704
13	13.1	0.0538758
14	13.1	0.157617
15	13.1	-0.145272
16	13.1	-0.356364
1	13.2	0.355318
2	13.2	0.161341
3	13.2	-0.149635
4	13.2	-0.0535968
5	13.2	0.0115823
6	13.2	-0.0772954
7	13.2	-0.0366305
8	13.2	-0.0214913
9	13.2	0.0214913
10	13.2	0.0366305
11	13.2	0.0772954
12	13.2	-0.0115823
13	13.2	0.0535968
14	13.2	0.149635
15	13.2	-0.161341
16	13.2	-0.355318
1	13.3	0.354751
2	13.3	0.175476
3	13.3	-0.14036
4	13.3	-0.0533057
5	13.3	0.0168051
6	13.3	-0.0726787
7	13.3	-0.0378377
8	13.3	-0.0224813
9	13.3	0.0224813
10	13.3	0.0378377
11	13.3	0.0726787
12	13.3	-0.0168051
13	13.3	0.0533057
14	13.3	0.14036
15	13.3	-0.175476
16	13.3	-0.354751
1	13.4	0.354729
2	13.4	0.187609
3	13.4	-0.129798
4	13.4	-0.0530059
5	13.4	0.0214995
6	13.4	-0.0670952
7	13.4	-0.0395093
8	13.4	-0.0231199
9	13.4	0.0231199
10	13.4	0.0395093
11	13.4	0.0670952
12	13.4	-0.0214995
13	13.4	0.0530059
14	13.4	0.129798
15	13.4	-0.187609
16	13.4	-0.354729
1	13.5	0.355299
2	13.5	0.197709
3	13.5	-0.117987
4	13.5	-0.052696
5	13.5	0.0256817
6	13.5	-0.0605849
7	13.5	-0.0415922
8	13.5	-0.0234177
9	13.5	0.0234177
10	13.5	0.0415922
11	13.5	0.0605849
12	13.5	-0.0256817
13	13.5	0.052696
14	13.5	0.117987
15	13.5	-0.197709
16	13.5	-0.355299
1	13.6	0.356493
2	13.6	0.205787
3	13.6	-0.104995
4	13.6	-0.0523682
5	13.6	0.029378
6	13.6	-0.0532084
7	13.6	-0.0440131
8	13.6	-0.023401
9	13.6	0.023401
10	13.6	0.0440131
11	13.6	0.0532084
12	13.6	-0.029378
13	13.6	0.0523682
14	13.6	0.104995
15	13.6	-0.205787
16	13.6	-0.356493
1	13.7	0.358321
2	13.7	0.211894
3	13.7	-0.0909186
4	13.7	-0.0520072
5	13.7	0.0326236
6	13.7	-0.0450459
7	13.7	-0.0466804
8	13.7	-0.0231101
9	13.7	0.0231101
10	13.7	0.0466804
11	13.7	0.0450459
12	13.7	-0.0326236
13	13.7	0.0520072
14	13.7	0.0909186
15	13.7	-0.211894
16	13.7	-0.358321
1	13.8	0.360777
2	13.8	0.216122
3	13.8	-0.0758856
4	13.8	-0.0515895
5	13.8	0.0354599
6	13.8	-0.0361937
7	13.8	-0.0494868
8	13.8	-0.0225969
9	13.8	0.0225969
10	13.8	0.0494868
11	13.8	0.0361937
12	13.8	-0.0354599
13	13.8	0.0515895
14	13.8	0.0758856
15	13.8	-0.216122
16	13.8	-0.360777
1	13.9	0.36384
2	13.9	0.218596
3	13.9	-0.0600492
4	13.9	-0.0510831
5	13.9	0.0379327
6	13.9	-0.0267619
7	13.9	-0.0523127
8	13.9	-0.0219219
9	13.9	0.0219219
10	13.9	0.0523127
11	13.9	0.0267619
12	13.9	-0.0379327
13	13.9	0.0510831
14	13.9	0.0600492
15	13.9	-0.218596
16	13.9	-0.36384
1	14	0.36747
2	14	0.219478
3	14	-0.0435874
4	14	-0.0504477
5	14	0.0400901
6	14	-0.0168704
7	14	-0.0550301
8	14	-0.0211512
9	14	0.0211512
10	14	0.0550301
11	14	0.0168704
12	14	-0.0400901
13	14	0.0504477
14	14	0.0435874
15	14	-0.219478
16	14	-0.36747
1	14.1	0.371615
2	14.1	0.218958
3	14.1	-0.0266984
4	14.1	-0.0496348
5	14.1	0.0419804
6	14.1	-0.00664619
7	14.1	-0.0575062
8	14.1	-0.0203529
9	14.1	0.0203529
10	14.1	0.0575062
11	14.1	0.00664619
12	14.1	-0.0419804
13	14.1	0.0496348
14	14.1	0.0266984
15	14.1	-0.218958
16	14.1	-0.371615
1	14.2	0.376208
2	14.2	0.21725
3	14.2	-0.00959685
4	14.2	-0.0485897
5	14.2	0.0436505
6	14.2	0.00378095
7	14.2	-0.0596079
8	14.2	-0.019593
9	14.2	0.019593
10	14.2	0.0596079
11	14.2	-0.00378095
12	14.2	-0.0436505
13	14.2	0.0485897
14	14.2	0.00959685
15	14.2	-0.21725
16	14.2	-0.376208
1	14.3	0.381174
2	14.3	0.21459
3	14.3	0.00749177
4	14.3	-0.047252
5	14.3	0.0451442
6	14.3	0.0142815
7	14.3	-0.0612062
8	14.3	-0.0189322
9	14.3	0.0189322
10	14.3	0.0612062
11	14.3	-0.0142815
12	14.3	-0.0451442
13	14.3	0.047252
14	14.3	-0.00749177
15	14.3	-0.21459
16	14.3	-0.381174
1	14.4	0.386427
2	14.4	0.211226
3	14.4	0.0243361
4	14.4	-0.0455584
5	14.4	0.0465011
6	14.4	0.0247298
7	14.4	-0.0621796
8	14.4	-0.0184223
9	14.4	0.0184223
10	14.4	0.0621796
11	14.4	-0.0247298
12	14.4	-0.0465011
13	14.4	0.0455584
14	14.4	-0.0243361
15	14.4	-0.211226
16	14.4	-0.386427
1	14.5	0.391879
2	14.5	0.207413
3	14.5	0.0407052
4	14.5	-0.0434445
5	14.5	0.0477554
6	14.5	0.035007
7	14.5	-0.0624185
8	14.5	-0.0181028
9	14.5	0.0181028
10	14.5	0.0624185
11	14.5	-0.035007
12	14.5	-0.0477554
13	14.5	0.0434445
14	14.5	-0.0407052
15	14.5	-0.207413
16	14.5	-0.391879
1	14.6	0.397435
2	14.6	0.203409
3	14.6	0.0563739
4	14.6	-0.0408476
5	14.6	0.048936
6	14.6	0.0450038
7	14.6	-0.0618286
8	14.6	-0.0179984
9	14.6	0.0179984
10	14.6	0.0618286
11	14.6	-0.0450038
12	14.6	-0.048936
13	14.6	0.0408476
14	14.6	-0.0563739
15	14.6	-0.203409
16	14.6	-0.397435
1	14.7	0.403001
2	14.7	0.199468
3	14.7	0.0711296
4	14.7	-0.0377092
5	14.7	0.0500656
6	14.7	0.054623
7	14.7	-0.0603333
8	14.7	-0.0181168
9	14.7	0.0181168
10	14.7	0.0603333
11	14.7	-0.054623
12	14.7	-0.0500656
13	14.7	0.0377092
14	14.7	-0.0711296
15	14.7	-0.199468
16	14.7	-0.403001
1	14.8	0.408483
2	14.8	0.195829
3	14.8	0.0847772
4	14.8	-0.0339779
5	14.8	0.0511612
6	14.8	0.0637809
7	14.8	-0.0578764
8	14.8	-0.0184471
9	14.8	0.0184471
10	14.8	0.0578764
11	14.8	-0.0637809
12	14.8	-0.0511612
13	14.8	0.0339779
14	14.8	-0.0847772
15	14.8	-0.195829
16	14.8	-0.408483
1	14.9	0.413793
2	14.9	0.192719
3	14.9	0.0971455
4	14.9	-0.0296125
5	14.9	0.0522345
6	14.9	0.0724089
7	14.9	-0.0544237
8	14.9	-0.0189593
9	14.9	0.0189593
10	14.9	0.0544237
11	14.9	-0.0724089
12	14.9	-0.0522345
13	14.9	0.0296125
14	14.9	-0.0971455
15	14.9	-0.192719
16	14.9	-0.413793
1	15	0.418848
2	15	0.190339
3	15	0.108091
4	15	-0.0245838
5	15	0.0532928
6	15	0.0804541
7	15	-0.0499639
8	15	-0.0196041
9	15	0.0196041
10	15	0.0499639
11	15	-0.0804541
12	15	-0.0532928
13	15	0.0245838
14	15	-0.108091
15	15	-0.190339
16	15	-0.418848
1	15.1	0.423574
2	15.1	0.188865
3	15.1	0.117504
4	15.1	-0.0188777
5	15.1	0.0543395
6	15.1	0.0878799
7	15.1	-0.0445084
8	15.1	-0.0203138
9	15.1	0.0203138
10	15.1	0.0445084
11	15.1	-0.0878799
12	15.1	-0.0543395
13	15.1	0.0188777
14	15.1	-0.117504
15	15.1	-0.188865
16	15.1	-0.423574
1	15.2	0.427906
2	15.2	0.188442
3	15.2	0.125309
4	15.2	-0.0124969
5	15.2	0.0553756
6	15.2	0.0946649
7	15.2	-0.0380916
8	15.2	-0.0210039
9	15.2	0.0210039
10	15.2	0.0380916
11	15.2	-0.0946649
12	15.2	-0.0553756
13	15.2	0.0124969
14	15.2	-0.125309
15	15.2	-0.188442
16	15.2	-0.427906
1	15.3	0.43179
2	15.3	0.189181
3	15.3	0.13147
4	15.3	-0.00546218
5	15.3	0.0564006
6	15.3	0.100803
7	15.3	-0.0307687
8	15.3	-0.0215755
9	15.3	0.0215755
10	15.3	0.0307687
11	15.3	-0.100803
12	15.3	-0.0564006
13	15.3	0.00546218
14	15.3	-0.13147
15	15.3	-0.189181
16	15.3	-0.43179
1	15.4	0.435185
2	15.4	0.191156
3	15.4	0.135992
4	15.4	0.00218644
5	15.4	0.057414
6	15.4	0.106302
7	15.4	-0.0226147
8	15.4	-0.0219181
9	15.4	0.0219181
10	15.4	0.0226147
11	15.4	-0.106302
12	15.4	-0.057414
13	15.4	-0.00218644
14	15.4	-0.135992
15	15.4	-0.191156
16	15.4	-0.435185
1	15.5	0.438065
2	15.5	0.194405
3	15.5	0.138918
4	15.5	0.0103895
5	15.5	0.0584159
6	15.5	0.111182
7	15.5	-0.0137212
8	15.5	-0.0219135
9	15.5	0.0219135
10	15.5	0.0137212
11	15.5	-0.111182
12	15.5	-0.0584159
13	15.5	-0.0103895
14	15.5	-0.138918
15	15.5	-0.194405
16	15.5	-0.438065
1	15.6	0.440416
2	15.6	0.198927
3	15.6	0.140333
4	15.6	0.0190684
5	15.6	0.0594082
6	15.6	0.115473
7	15.6	-0.00419447
8	15.6	-0.0214393
9	15.6	0.0214393
10	15.6	0.00419447
11	15.6	-0.115473
12	15.6	-0.0594082
13	15.6	-0.0190684
14	15.6	-0.140333
15	15.6	-0.198927
16	15.6	-0.440416
1	15.7	0.442236
2	15.7	0.204684
3	15.7	0.140358
4	15.7	0.0281266
5	15.7	0.0603957
6	15.7	0.119214
7	15.7	0.00584861
8	15.7	-0.0203736
9	15.7	0.0203736
10	15.7	-0.00584861
11	15.7	-0.119214
12	15.7	-0.0603957
13	15.7	-0.0281266
14	15.7	-0.140358
15	15.7	-0.204684
16	15.7	-0.442236
1	15.8	0.44354
2	15.8	0.211604
3	15.8	0.13915
4	15.8	0.0374511
5	15.8	0.0613862
6	15.8	0.122451
7	15.8	0.0162834
8	15.8	-0.0185994
9	15.8	0.0185994
10	15.8	-0.0162834
11	15.8	-0.122451
12	15.8	-0.0613862
13	15.8	-0.0374511
14	15.8	-0.13915
15	15.8	-0.211604
16	15.8	-0.44354
1	15.9	0.444352
2	15.9	0.219583
3	15.9	0.136895
4	15.9	0.046915
5	15.9	0.0623909
6	15.9	0.125234
7	15.9	0.0269814
8	15.9	-0.0160089
9	15.9	0.0160089
10	15.9	-0.0269814
11	15.9	-0.125234
12	15.9	-0.0623909
13	15.9	-0.046915
14	15.9	-0.136895
15	15.9	-0.219583
16	15.9	-0.444352
1	16	0.44471
2	16	0.228485
3	16	0.133806
4	16	0.0563806
5	16	0.0634245
6	16	0.127617
7	16	0.0378134
8	16	-0.0125077
9	16	0.0125077
10	16	-0.0378134
11	16	-0.127617
12	16	-0.0634245
13	16	-0.0563806
14	16	-0.133806
15	16	-0.228485
16	16	-0.44471
1	16.1	0.444661
2	16.1	0.238154
3	16.1	0.130117
4	16.1	0.0657025
5	16.1	0.0645049
6	16.1	0.129652
7	16.1	0.0486532
8	16.1	-0.00801912
9	16.1	0.00801912
10	16.1	-0.0486532
11	16.1	-0.129652
12	16.1	-0.0645049
13	16.1	-0.0657025
14	16.1	-0.130117
15	16.1	-0.238154
16	16.1	-0.444661
1	16.2	0.44426
2	16.2	0.24841
3	16.2	0.126074
4	16.2	0.074732
5	16.2	0.0656525
6	16.2	0.131392
7	16.2	0.0593802
8	16.2	-0.00248763
9	16.2	0.00248763
10	16.2	-0.0593802
11	16.2	-0.131392
12	16.2	-0.0656525
13	16.2	-0.074732
14	16.2	-0.126074
15	16.2	-0.24841
16	16.2	-0.44426
1	16.3	0.443572
2	16.3	0.259062
3	16.3	0.121932
4	16.3	0.083321
5	16.3	0.0668893
6	16.3	0.132887
7	16.3	0.069883
8	16.3	0.00411836
9	16.3	-0.00411836
10	16.3	-0.069883
11	16.3	-0.132887
12	16.3	-0.0668893
13	16.3	-0.083321
14	16.3	-0.121932
15	16.3	-0.259062
16	16.3	-0.443572
1	16.4	0.442663
2	16.4	0.269908
3	16.4	0.117944
4	16.4	0.0913265
5	16.4	0.0682383
6	16.4	0.134185
7	16.4	0.0800607
8	16.4	0.011804
9	16.4	-0.011804
10	16.4	-0.0800607
11	16.4	-0.134185
12	16.4	-0.0682383
13	16.4	-0.0913265
14	16.4	-0.117944
15	16.4	-0.269908
16	16.4	-0.442663
1	16.5	0.441604
2	16.5	0.280744
3	16.5	0.114358
4	16.5	0.098615
5	16.5	0.0697215
6	16.5	0.135327
7	16.5	0.0898255
8	16.5	0.0205467
9	16.5	-0.0205467
10	16.5	-0.0898255
11	16.5	-0.135327
12	16.5	-0.0697215
13	16.5	-0.098615
14	16.5	-0.114358
15	16.5	-0.280744
16	16.5	-0.441604
1	16.6	0.440466
2	16.6	0.291371
3	16.6	0.111406
4	16.6	0.105067
5	16.6	0.0713593
6	16.6	0.136352
7	16.6	0.0991039
8	16.6	0.0302953
9	16.6	-0.0302953
10	16.6	-0.0991039
11	16.6	-0.136352
12	16.6	-0.0713593
13	16.6	-0.105067
14	16.6	-0.111406
15	16.6	-0.291371
16	16.6	-0.440466
1	16.7	0.43932
2	16.7	0.301595
3	16.7	0.109302
4	16.7	0.110581
5	16.7	0.0731687
6	16.7	0.137292
7	16.7	0.107837
8	16.7	0.04097
9	16.7	-0.04097
10	16.7	-0.107837
11	16.7	-0.137292
12	16.7	-0.0731687
13	16.7	-0.110581
14	16.7	-0.109302
15	16.7	-0.301595
16	16.7	-0.43932
1	16.8	0.438232
2	16.8	0.31124
3	16.8	0.108232
4	16.8	0.115076
5	16.8	0.0751622
6	16.8	0.138176
7	16.8	0.115981
8	16.8	0.052464
9	16.8	-0.052464
10	16.8	-0.115981
11	16.8	-0.138176
12	16.8	-0.0751622
13	16.8	-0.115076
14	16.8	-0.108232
15	16.8	-0.31124
16	16.8	-0.438232
1	16.9	0.437266
2	16.9	0.320146
3	16.9	0.108351
4	16.9	0.118497
5	16.9	0.0773463
6	16.9	0.139025
7	16.9	0.123507
8	16.9	0.0646447
9	16.9	-0.0646447
10	16.9	-0.123507
11	16.9	-0.139025
12	16.9	-0.0773463
13	16.9	-0.118497
14	16.9	-0.108351
15	16.9	-0.320146
16	16.9	-0.437266
1	17	0.436476
2	17	0.328178
3	17	0.109776
4	17	0.120814
5	17	0.0797209
6	17	0.13986
7	17	0.1304
8	17	0.077357
9	17	-0.077357
10	17	-0.1304
11	17	-0.13986
12	17	-0.0797209
13	17	-0.120814
14	17	-0.109776
15	17	-0.328178
16	17	-0.436476
1	17.1	0.435911
2	17.1	0.335227
3	17.1	0.112587
4	17.1	0.122029
5	17.1	0.0822783
6	17.1	0.140694
7	17.1	0.136656
8	17.1	0.090426
9	17.1	-0.090426
10	17.1	-0.136656
11	17.1	-0.140694
12	17.1	-0.0822783
13	17.1	-0.122029
14	17.1	-0.112587
15	17.1	-0.335227
16	17.1	-0.435911
1	17.2	0.43561
2	17.2	0.341213
3	17.2	0.116823
4	17.2	0.122169
5	17.2	0.0850026
6	17.2	0.141539
7	17.2	0.142285
8	17.2	0.103661
9	17.2	-0.103661
10	17.2	-0.142285
11	17.2	-0.141539
12	17.2	-0.0850026
13	17.2	-0.122169
14	17.2	-0.116823
15	17.2	-0.341213
16	17.2	-0.43561
1	17.3	0.435601
2	17.3	0.346089
3	17.3	0.122476
4	17.3	0.121293
5	17.3	0.0878701
6	17.3	0.142405
7	17.3	0.147304
8	17.3	0.116862
9	17.3	-0.116862
10	17.3	-0.147304
11	17.3	-0.142405
12	17.3	-0.0878701
13	17.3	-0.121293
14	17.3	-0.122476
15	17.3	-0.346089
16	17.3	-0.435601
1	17.4	0.435903
2	17.4	0.349838
3	17.4	0.129501
4	17.4	0.119488
5	17.4	0.090849
6	17.4	0.143298
7	17.4	0.151736
8	17.4	0.129819
9	17.4	-0.129819
10	17.4	-0.151736
11	17.4	-0.143298
12	17.4	-0.090849
13	17.4	-0.119488
14	17.4	-0.129501
15	17.4	-0.349838
16	17.4	-0.435903
1	17.5	0.436523
2	17.5	0.352475
3	17.5	0.137808
4	17.5	0.116865
5	17.5	0.0939005
6	17.5	0.144225
7	17.5	0.155611
8	17.5	0.142325
9	17.5	-0.142325
10	17.5	-0.155611
11	17.5	-0.144225
12	17.5	-0.0939005
13	17.5	-0.116865
14	17.5	-0.137808
15	17.5	-0.352475
16	17.5	-0.436523
1	17.6	0.437461
2	17.6	0.354048
3	17.6	0.147271
4	17.6	0.113562
5	17.6	0.0969798
6	17.6	0.145189
7	17.6	0.158959
8	17.6	0.154175
9	17.6	-0.154175
10	17.6	-0.158959
11	17.6	-0.145189
12	17.6	-0.0969798
13	17.6	-0.113562
14	17.6	-0.147271
15	17.6	-0.354048
16	17.6	-0.437461
1	17.7	0.438701
2	17.7	0.354631
3	17.7	0.157729
4	17.7	0.109734
5	17.7	0.100038
6	17.7	0.146195
7	17.7	0.161812
8	17.7	0.16517
9	17.7	-0.16517
10	17.7	-0.161812
11	17.7	-0.146195
12	17.7	-0.100038
13	17.7	-0.109734
14	17.7	-0.157729
15	17.7	-0.354631
16	17.7	-0.438701
1	17.8	0.440224
2	17.8	0.354326
3	17.8	0.168991
4	17.8	0.105552
5	17.8	0.103022
6	17.8	0.147244
7	17.8	0.1642
8	17.8	0.175129
9	17.8	-0.175129
10	17.8	-0.1642
11	17.8	-0.147244
12	17.8	-0.103022
13	17.8	-0.105552
14	17.8	-0.168991
15	17.8	-0.354326
16	17.8	-0.440224
1	17.9	0.441998
2	17.9	0.353258
3	17.9	0.180842
4	17.9	0.101198
5	17.9	0.105879
6	17.9	0.148339
7	17.9	0.166149
8	17.9	0.183886
9	17.9	-0.183886
10	17.9	-0.166149
11	17.9	-0.148339
12	17.9	-0.105879
13	17.9	-0.101198
14	17.9	-0.180842
15	17.9	-0.353258
16	17.9	-0.441998
1	18	0.443985
2	18	0.351568
3	18	0.193048
4	18	0.0968608
5	18	0.108559
6	18	0.149479
7	18	0.167681
8	18	0.191297
9	18	-0.191297
10	18	-0.167681
11	18	-0.149479
12	18	-0.108559
13	18	-0.0968608
14	18	-0.193048
15	18	-0.351568
16	18	-0.443985
1	18.1	0.446143
2	18.1	0.349415
3	18.1	0.205367
4	18.1	0.0927264
5	18.1	0.111013
6	18.1	0.150664
7	18.1	0.168812
8	18.1	0.197244
9	18.1	-0.197244
10	18.1	-0.168812
11	18.1	-0.150664
12	18.1	-0.111013
13	18.1	-0.0927264
14	18.1	-0.205367
15	18.1	-0.349415
16	18.1	-0.446143
1	18.2	0.448424
2	18.2	0.346963
3	18.2	0.21755
4	18.2	0.088977
5	18.2	0.1132
6	18.2	0.151888
7	18.2	0.169552
8	18.2	0.201635
9	18.2	-0.201635
10	18.2	-0.169552
11	18.2	-0.151888
12	18.2	-0.1132
13	18.2	-0.088977
14	18.2	-0.21755
15	18.2	-0.346963
16	18.2	-0.448424
1	18.3	0.450777
2	18.3	0.344383
3	18.3	0.229353
4	18.3	0.0857832
5	18.3	0.115089
6	18.3	0.153144
7	18.3	0.169903
8	18.3	0.204408
9	18.3	-0.204408
10	18.3	-0.169903
11	18.3	-0.153144
12	18.3	-0.115089
13	18.3	-0.0857832
14	18.3	-0.229353
15	18.3	-0.344383
16	18.3	-0.450777
1	18.4	0.453151
2	18.4	0.341842
3	18.4	0.240542
4	18.4	0.0832993
5	18.4	0.116656
6	18.4	0.15442
7	18.4	0.169863
8	18.4	0.205531
9	18.4	-0.205531
10	18.4	-0.169863
11	18.4	-0.15442
12	18.4	-0.116656
13	18.4	-0.0832993
14	18.4	-0.240542
15	18.4	-0.341842
16	18.4	-0.453151
1	18.5	0.455494
2	18.5	0.339502
3	18.5	0.2509
4	18.5	0.0816586
5	18.5	0.117893
6	18.5	0.1557
7	18.5	0.169424
8	18.5	0.205004
9	18.5	-0.205004
10	18.5	-0.169424
11	18.5	-0.1557
12	18.5	-0.117893
13	18.5	-0.0816586
14	18.5	-0.2509
15	18.5	-0.339502
16	18.5	-0.455494
1	18.6	0.45776
2	18.6	0.337515
3	18.6	0.260233
4	18.6	0.0809691
5	18.6	0.118803
6	18.6	0.156961
7	18.6	0.16857
8	18.6	0.202854
9	18.6	-0.202854
10	18.6	-0.16857
11	18.6	-0.156961
12	18.6	-0.118803
13	18.6	-0.0809691
14	18.6	-0.260233
15	18.6	-0.337515
16	18.6	-0.45776
1	18.7	0.459903
2	18.7	0.336014
3	18.7	0.268376
4	18.7	0.0813106
5	18.7	0.119406
6	18.7	0.158174
7	18.7	0.167285
8	18.7	0.19914
9	18.7	-0.19914
10	18.7	-0.167285
11	18.7	-0.158174
12	18.7	-0.119406
13	18.7	-0.0813106
14	18.7	-0.268376
15	18.7	-0.336014
16	18.7	-0.459903
1	18.8	0.461882
2	18.8	0.335116
3	18.8	0.275196
4	18.8	0.0827319
5	18.8	0.119735
6	18.8	0.159304
7	18.8	0.165549
8	18.8	0.193945
9	18.8	-0.193945
10	18.8	-0.165549
11	18.8	-0.159304
12	18.8	-0.119735
13	18.8	-0.0827319
14	18.8	-0.275196
15	18.8	-0.335116
16	18.8	-0.461882
1	18.9	0.463666
2	18.9	0.334914
3	18.9	0.280598
4	18.9	0.0852495
5	18.9	0.11984
6	18.9	0.160309
7	18.9	0.163342
8	18.9	0.18738
9	18.9	-0.18738
10	18.9	-0.163342
11	18.9	-0.160309
12	18.9	-0.11984
13	18.9	-0.0852495
14	18.9	-0.280598
15	18.9	-0.334914
16	18.9	-0.463666
1	19	0.465227
2	19	0.335475
3	19	0.284525
4	19	0.0888471
5	19	0.119782
6	19	0.161141
7	19	0.160645
8	19	0.179573
9	19	-0.179573
10	19	-0.160645
11	19	-0.161141
12	19	-0.119782
13	19	-0.0888471
14	19	-0.284525
15	19	-0.335475
16	19	-0.465227
1	19.1	0.466547
2	19.1	0.336841
3	19.1	0.286959
4	19.1	0.0934763
5	19.1	0.119638
6	19.1	0.161743
7	19.1	0.15744
8	19.1	0.170672
9	19.1	-0.170672
10	19.1	-0.15744
11	19.1	-0.161743
12	19.1	-0.119638
13	19.1	-0.0934763
14	19.1	-0.286959
15	19.1	-0.336841
16	19.1	-0.466547
1	19.2	0.467616
2	19.2	0.339025
3	19.2	0.287925
4	19.2	0.0990584
5	19.2	0.119494
6	19.2	0.162055
7	19.2	0.153716
8	19.2	0.160838
9	19.2	-0.160838
10	19.2	-0.153716
11	19.2	-0.162055
12	19.2	-0.119494
13	19.2	-0.0990584
14	19.2	-0.287925
15	19.2	-0.339025
16	19.2	-0.467616
1	19.3	0.468432
2	19.3	0.342012
3	19.3	0.287483
4	19.3	0.105487
5	19.3	0.119442
6	19.3	0.162013
7	19.3	0.149465
8	19.3	0.150243
9	19.3	-0.150243
10	19.3	-0.149465
11	19.3	-0.162013
12	19.3	-0.119442
13	19.3	-0.105487
14	19.3	-0.287483
15	19.3	-0.342012
16	19.3	-0.468432
1	19.4	0.469
2	19.4	0.345763
3	19.4	0.285732
4	19.4	0.112631
5	19.4	0.119581
6	19.4	0.161546
7	19.4	0.14469
8	19.4	0.139063
9	19.4	-0.139063
10	19.4	-0.14469
11	19.4	-0.161546
12	19.4	-0.119581
13	19.4	-0.112631
14	19.4	-0.285732
15	19.4	-0.345763
16	19.4	-0.469
1	19.5	0.469336
2	19.5	0.350211
3	19.5	0.282804
4	19.5	0.12034
5	19.5	0.120011
6	19.5	0.160586
7	19.5	0.139397
8	19.5	0.127477
9	19.5	-0.127477
10	19.5	-0.139397
11	19.5	-0.160586
12	19.5	-0.120011
13	19.5	-0.12034
14	19.5	-0.282804
15	19.5	-0.350211
16	19.5	-0.469336
1	19.6	0.469461
2	19.6	0.355267
3	19.6	0.278856
4	19.6	0.12845
5	19.6	0.120827
6	19.6	0.159064
7	19.6	0.133605
8	19.6	0.115661
9	19.6	-0.115661
10	19.6	-0.133605
11	19.6	-0.159064
12	19.6	-0.120827
13	19.6	-0.12845
14	19.6	-0.278856
15	19.6	-0.355267
16	19.6	-0.469461
1	19.7	0.469402
2	19.7	0.360823
3	19.7	0.274073
4	19.7	0.136786
5	19.7	0.12212
6	19.7	0.156913
7	19.7	0.127339
8	19.7	0.103786
9	19.7	-0.103786
10	19.7	-0.127339
11	19.7	-0.156913
12	19.7	-0.12212
13	19.7	-0.136786
14	19.7	-0.274073
15	19.7	-0.360823
16	19.7	-0.469402
1	19.8	0.469194
2	19.8	0.366755
3	19.8	0.268654
4	19.8	0.14517
5	19.8	0.123967
6	19.8	0.154072
7	19.8	0.120636
8	19.8	0.092013
9	19.8	-0.092013
10	19.8	-0.120636
11	19.8	-0.154072
12	19.8	-0.123967
13	19.8	-0.14517
14	19.8	-0.268654
15	19.8	-0.366755
16	19.8	-0.469194
1	19.9	0.468872
2	19.9	0.372927
3	19.9	0.262811
4	19.9	0.153429
5	19.9	0.126434
6	19.9	0.150487
7	19.9	0.113541
8	19.9	0.0804918
9	19.9	-0.0804918
10	19.9	-0.113541
11	19.9	-0.150487
12	19.9	-0.126434
13	19.9	-0.153429
14	19.9	-0.262811
15	19.9	-0.372927
16	19.9	-0.468872
1	20	0.468477
2	20	0.379194
3	20	0.256759
4	20	0.161397
5	20	0.129566
6	20	0.146114
7	20	0.106106
8	20	0.0693575
9	20	-0.0693575
10	20	-0.106106
11	20	-0.146114
12	20	-0.129566
13	20	-0.161397
14	20	-0.256759
15	20	-0.379194
16	20	-0.468477
1	20.1	0.468051
2	20.1	0.385409
3	20.1	0.250713
4	20.1	0.168921
5	20.1	0.133387
6	20.1	0.140921
7	20.1	0.0983908
8	20.1	0.0587289
9	20.1	-0.0587289
10	20.1	-0.0983908
11	20.1	-0.140921
12	20.1	-0.133387
13	20.1	-0.168921
14	20.1	-0.250713
15	20.1	-0.385409
16	20.1	-0.468051
1	20.2	0.467635
2	20.2	0.391426
3	20.2	0.244879
4	20.2	0.17587
5	20.2	0.137895
6	20.2	0.134891
7	20.2	0.0904628
8	20.2	0.0487073
9	20.2	-0.0487073
10	20.2	-0.0904628
11	20.2	-0.134891
12	20.2	-0.137895
13	20.2	-0.17587
14	20.2	-0.244879
15	20.2	-0.391426
16	20.2	-0.467635
1	20.3	0.467269
2	20.3	0.397103
3	20.3	0.239449
4	20.3	0.182134
5	20.3	0.143065
6	20.3	0.128022
7	20.3	0.0823925
8	20.3	0.0393754
9	20.3	-0.0393754
10	20.3	-0.0823925
11	20.3	-0.128022
12	20.3	-0.143065
13	20.3	-0.182134
14	20.3	-0.239449
15	20.3	-0.397103
16	20.3	-0.467269
1	20.4	0.46699
2	20.4	0.402311
3	20.4	0.234596
4	20.4	0.187632
5	20.4	0.148842
6	20.4	0.12033
7	20.4	0.074254
8	20.4	0.0307971
9	20.4	-0.0307971
10	20.4	-0.074254
11	20.4	-0.12033
12	20.4	-0.148842
13	20.4	-0.187632
14	20.4	-0.234596
15	20.4	-0.402311
16	20.4	-0.46699
1	20.5	0.466832
2	20.5	0.406932
3	20.5	0.230467
4	20.5	0.192313
5	20.5	0.155143
6	20.5	0.111847
7	20.5	0.0661228
8	20.5	0.0230175
9	20.5	-0.0230175
10	20.5	-0.0661228
11	20.5	-0.111847
12	20.5	-0.155143
13	20.5	-0.192313
14	20.5	-0.230467
15	20.5	-0.406932
16	20.5	-0.466832
1	20.6	0.466822
2	20.6	0.410865
3	20.6	0.227183
4	20.6	0.196156
5	20.6	0.161858
6	20.6	0.102627
7	20.6	0.0580736
8	20.6	0.0160638
9	20.6	-0.0160638
10	20.6	-0.0580736
11	20.6	-0.102627
12	20.6	-0.161858
13	20.6	-0.196156
14	20.6	-0.227183
15	20.6	-0.410865
16	20.6	-0.466822
1	20.7	0.466983
2	20.7	0.414029
3	20.7	0.224835
4	20.7	0.199174
5	20.7	0.168852
6	20.7	0.0927406
7	20.7	0.0501793
8	20.7	0.00994601
9	20.7	-0.00994601
10	20.7	-0.0501793
11	20.7	-0.0927406
12	20.7	-0.168852
13	20.7	-0.199174
14	20.7	-0.224835
15	20.7	-0.414029
16	20.7	-0.466983
1	20.8	0.467328
2	20.8	0.416364
3	20.8	0.22348
4	20.8	0.201409
5	20.8	0.175966
6	20.8	0.0822758
7	20.8	0.0425089
8	20.8	0.00465833
9	20.8	-0.00465833
10	20.8	-0.0425089
11	20.8	-0.0822758
12	20.8	-0.175966
13	20.8	-0.201409
14	20.8	-0.22348
15	20.8	-0.416364
16	20.8	-0.467328
1	20.9	0.467867
2	20.9	0.417832
3	20.9	0.223143
4	20.9	0.202932
5	20.9	0.183021
6	20.9	0.0713381
7	20.9	0.0351258
8	20.9	0.000180936
9	20.9	-0.000180936
10	20.9	-0.0351258
11	20.9	-0.0713381
12	20.9	-0.183021
13	20.9	-0.202932
14	20.9	-0.223143
15	20.9	-0.417832
16	20.9	-0.467867
1	21	0.468598
2	21	0.418422
3	21	0.223815
4	21	0.203844
5	21	0.189822
6	21	0.0600475
7	21	0.0280871
8	21	-0.00351836
9	21	0.00351836
10	21	-0.0280871
11	21	-0.0600475
12	21	-0.189822
13	21	-0.203844
14	21	-0.223815
15	21	-0.418422
16	21	-0.468598
1	21.1	0.469514
2	21.1	0.418141
3	21.1	0.225458
4	21.1	0.204264
5	21.1	0.196164
6	21.1	0.048536
7	21.1	0.0214419
8	21.1	-0.0064821
9	21.1	0.0064821
10	21.1	-0.0214419
11	21.1	-0.048536
12	21.1	-0.196164
13	21.1	-0.204264
14	21.1	-0.225458
15	21.1	-0.418141
16	21.1	-0.469514
1	21.2	0.470598
2	21.2	0.417023
3	21.2	0.228004
4	21.2	0.204331
5	21.2	0.201836
6	21.2	0.0369456
7	21.2	0.0152307
8	21.2	-0.00876117
9	21.2	0.00876117
10	21.2	-0.0152307
11	21.2	-0.0369456
12	21.2	-0.201836
13	21.2	-0.204331
14	21.2	-0.228004
15	21.2	-0.417023
16	21.2	-0.470598
1	21.3	0.47183
2	21.3	0.415121
3	21.3	0.231359
4	21.3	0.204196
5	21.3	0.206628
6	21.3	0.0254241
7	21.3	0.00948492
8	21.3	-0.0104128
9	21.3	0.0104128
10	21.3	-0.00948492
11	21.3	-0.0254241
12	21.3	-0.206628
13	21.3	-0.204196
14	21.3	-0.231359
15	21.3	-0.415121
16	21.3	-0.47183
1	21.4	0.473177
2	21.4	0.412507
3	21.4	0.23541
4	21.4	0.204016
5	21.4	0.210336
6	21.4	0.0141223
7	21.4	0.0042266
8	21.4	-0.0114985
9	21.4	0.0114985
10	21.4	-0.0042266
11	21.4	-0.0141223
12	21.4	-0.210336
13	21.4	-0.204016
14	21.4	-0.23541
15	21.4	-0.412507
16	21.4	-0.473177
1	21.5	0.474606
2	21.5	0.40927
3	21.5	0.240025
4	21.5	0.203948
5	21.5	0.212772
6	21.5	0.00319005
7	21.5	-0.000531664
8	21.5	-0.0120823
9	21.5	0.0120823
10	21.5	0.000531664
11	21.5	-0.00319005
12	21.5	-0.212772
13	21.5	-0.203948
14	21.5	-0.240025
15	21.5	-0.40927
16	21.5	-0.474606
1	21.6	0.476075
2	21.6	0.405512
3	21.6	0.245062
4	21.6	0.204141
5	21.6	0.213764
6	21.6	-0.00722783
7	21.6	-0.00478633
8	21.6	-0.012229
9	21.6	0.012229
10	21.6	0.00478633
11	21.6	0.00722783
12	21.6	-0.213764
13	21.6	-0.204141
14	21.6	-0.245062
15	21.6	-0.405512
16	21.6	-0.476075
1	21.7	0.477541
2	21.7	0.401345
3	21.7	0.250373
4	21.7	0.204735
5	21.7	0.213167
6	21.7	-0.016995
7	21.7	-0.00854237
8	21.7	-0.0120026
9	21.7	0.0120026
10	21.7	0.00854237
11	21.7	0.016995
12	21.7	-0.213167
13	21.7	-0.204735
14	21.7	-0.250373
15	21.7	-0.401345
16	21.7	-0.477541
1	21.8	0.478955
2	21.8	0.396888
3	21.8	0.25581
4	21.8	0.205847
5	21.8	0.210868
6	21.8	-0.0259874
7	21.8	-0.0118125
8	21.8	-0.011465
9	21.8	0.011465
10	21.8	0.0118125
11	21.8	0.0259874
12	21.8	-0.210868
13	21.8	-0.205847
14	21.8	-0.25581
15	21.8	-0.396888
16	21.8	-0.478955
1	21.9	0.480269
2	21.9	0.392262
3	21.9	0.261226
4	21.9	0.207573
5	21.9	0.206786
6	21.9	-0.0340967
7	21.9	-0.0146162
8	21.9	-0.0106749
9	21.9	0.0106749
10	21.9	0.0146162
11	21.9	0.0340967
12	21.9	-0.206786
13	21.9	-0.207573
14	21.9	-0.261226
15	21.9	-0.392262
16	21.9	-0.480269
1	22	0.481433
2	22	0.387588
3	22	0.266489
4	22	0.209981
5	22	0.200882
6	22	-0.0412331
7	22	-0.0169788
8	22	-0.00968696
9	22	0.00968696
10	22	0.0169788
11	22	0.0412331
12	22	-0.200882
13	22	-0.209981
14	22	-0.266489
15	22	-0.387588
16	22	-0.481433
1	22.1	0.4824
2	22.1	0.382983
3	22.1	0.271476
4	22.1	0.213105
5	22.1	0.193158
6	22.1	-0.0473277
7	22.1	-0.01893
8	22.1	-0.00855086
9	22.1	0.00855086
10	22.1	0.01893
11	22.1	0.0473277
12	22.1	-0.193158
13	22.1	-0.213105
14	22.1	-0.271476
15	22.1	-0.382983
16	22.1	-0.4824
1	22.2	0.483123
2	22.2	0.378554
3	22.2	0.276085
4	22.2	0.216946
5	22.2	0.183657
6	22.2	-0.0523348
7	22.2	-0.0205029
8	22.2	-0.00731129
9	22.2	0.00731129
10	22.2	0.0205029
11	22.2	0.0523348
12	22.2	-0.183657
13	22.2	-0.216946
14	22.2	-0.276085
15	22.2	-0.378554
16	22.2	-0.483123
1	22.3	0.483559
2	22.3	0.3744
3	22.3	0.280233
4	22.3	0.22147
5	22.3	0.172469
6	22.3	-0.0562331
7	22.3	-0.0217329
8	22.3	-0.00600741
9	22.3	0.00600741
10	22.3	0.0217329
11	22.3	0.0562331
12	22.3	-0.172469
13	22.3	-0.22147
14	22.3	-0.280233
15	22.3	-0.3744
16	22.3	-0.483559
1	22.4	0.483668
2	22.4	0.370607
3	22.4	0.283861
4	22.4	0.226605
5	22.4	0.159724
6	22.4	-0.0590257
7	22.4	-0.0226562
8	22.4	-0.00467294
9	22.4	0.00467294
10	22.4	0.0226562
11	22.4	0.0590257
12	22.4	-0.159724
13	22.4	-0.226605
14	22.4	-0.283861
15	22.4	-0.370607
16	22.4	-0.483668
1	22.5	0.483416
2	22.5	0.367246
3	22.5	0.286934
4	22.5	0.232249
5	22.5	0.145594
6	22.5	-0.0607406
7	22.5	-0.0233093
8	22.5	-0.00333619
9	22.5	0.00333619
10	22.5	0.0233093
11	22.5	0.0607406
12	22.5	-0.145594
13	22.5	-0.232249
14	22.5	-0.286934
15	22.5	-0.367246
16	22.5	-0.483416
1	22.6	0.482775
2	22.6	0.364371
3	22.6	0.289441
4	22.6	0.238263
5	22.6	0.130288
6	22.6	-0.0614295
7	22.6	-0.0237274
8	22.6	-0.00202032
9	22.6	0.00202032
10	22.6	0.0237274
11	22.6	0.0614295
12	22.6	-0.130288
13	22.6	-0.238263
14	22.6	-0.289441
15	22.6	-0.364371
16	22.6	-0.482775
1	22.7	0.481722
2	22.7	0.362019
3	22.7	0.291394
4	22.7	0.244482
5	22.7	0.114048
6	22.7	-0.0611664
7	22.7	-0.0239444
8	22.7	-0.000743711
9	22.7	0.000743711
10	22.7	0.0239444
11	22.7	0.0611664
12	22.7	-0.114048
13	22.7	-0.244482
14	22.7	-0.291394
15	22.7	-0.362019
16	22.7	-0.481722
1	22.8	0.48024
2	22.8	0.360211
3	22.8	0.29283
4	22.8	0.25072
5	22.8	0.0971409
6	22.8	-0.0600449
7	22.8	-0.0239917
8	22.8	0.000479617
9	22.8	-0.000479617
10	22.8	0.0239917
11	22.8	0.0600449
12	22.8	-0.0971409
13	22.8	-0.25072
14	22.8	-0.29283
15	22.8	-0.360211
16	22.8	-0.48024
1	22.9	0.478319
2	22.9	0.35895
3	22.9	0.293802
4	22.9	0.25677
5	22.9	0.0798565
6	22.9	-0.058176
7	22.9	-0.0238982
8	22.9	0.00163952
9	22.9	-0.00163952
10	22.9	0.0238982
11	22.9	0.058176
12	22.9	-0.0798565
13	22.9	-0.25677
14	22.9	-0.293802
15	22.9	-0.35895
16	22.9	-0.478319
1	23	0.475957
2	23	0.358223
3	23	0.294381
4	23	0.262415
5	23	0.0624969
6	23	-0.0556841
7	23	-0.0236898
8	23	0.00272918
9	23	-0.00272918
10	23	0.0236898
11	23	0.0556841
12	23	-0.0624969
13	23	-0.262415
14	23	-0.294381
15	23	-0.358223
16	23	-0.475957
1	23.1	0.473155
2	23.1	0.358002
3	23.1	0.294652
4	23.1	0.267436
5	23.1	0.0453698
6	23.1	-0.052704
7	23.1	-0.0233895
8	23.1	0.00374462
9	23.1	-0.00374462
10	23.1	0.0233895
11	23.1	0.052704
12	23.1	-0.0453698
13	23.1	-0.267436
14	23.1	-0.294652
15	23.1	-0.358002
16	23.1	-0.473155
1	23.2	0.469922
2	23.2	0.358246
3	23.2	0.294706
4	23.2	0.271614
5	23.2	0.028781
6	23.2	-0.0493761
7	23.2	-0.0230173
8	23.2	0.00468407
9	23.2	-0.00468407
10	23.2	0.0230173
11	23.2	0.0493761
12	23.2	-0.028781
13	23.2	-0.271614
14	23.2	-0.294706
15	23.2	-0.358246
16	23.2	-0.469922
1	23.3	0.466272
2	23.3	0.358903
3	23.3	0.29464
4	23.3	0.274745
5	23.3	0.0130257
6	23.3	-0.0458429
7	23.3	-0.0225907
8	23.3	0.00554755
9	23.3	-0.00554755
10	23.3	0.0225907
11	23.3	0.0458429
12	23.3	-0.0130257
13	23.3	-0.274745
14	23.3	-0.29464
15	23.3	-0.358903
16	23.3	-0.466272
1	23.4	0.462223
2	23.4	0.359913
3	23.4	0.294547
4	23.4	0.27664
5	23.4	-0.00161883
6	23.4	-0.0422444
7	23.4	-0.0221247
8	23.4	0.0063363
9	23.4	-0.0063363
10	23.4	0.0221247
11	23.4	0.0422444
12	23.4	0.00161883
13	23.4	-0.27664
14	23.4	-0.294547
15	23.4	-0.359913
16	23.4	-0.462223
1	23.5	0.457797
2	23.5	0.36121
3	23.5	0.294518
4	23.5	0.277137
5	23.5	-0.014901
6	23.5	-0.0387145
7	23.5	-0.0216321
8	23.5	0.00705233
9	23.5	-0.00705233
10	23.5	0.0216321
11	23.5	0.0387145
12	23.5	0.014901
13	23.5	-0.277137
14	23.5	-0.294518
15	23.5	-0.36121
16	23.5	-0.457797
1	23.6	0.453019
2	23.6	0.362722
3	23.6	0.294629
4	23.6	0.276106
5	23.6	-0.0266011
6	23.6	-0.0353766
7	23.6	-0.0211245
8	23.6	0.00769806
9	23.6	-0.00769806
10	23.6	0.0211245
11	23.6	0.0353766
12	23.6	0.0266011
13	23.6	-0.276106
14	23.6	-0.294629
15	23.6	-0.362722
16	23.6	-0.453019
1	23.7	0.447916
2	23.7	0.36438
3	23.7	0.294947
4	23.7	0.273453
5	23.7	-0.0365376
6	23.7	-0.0323409
7	23.7	-0.0206118
8	23.7	0.00827586
9	23.7	-0.00827586
10	23.7	0.0206118
11	23.7	0.0323409
12	23.7	0.0365376
13	23.7	-0.273453
14	23.7	-0.294947
15	23.7	-0.36438
16	23.7	-0.447916
1	23.8	0.442517
2	23.8	0.366114
3	23.8	0.295517
4	23.8	0.269126
5	23.8	-0.0445718
6	23.8	-0.029701
7	23.8	-0.0201033
8	23.8	0.00878782
9	23.8	-0.00878782
10	23.8	0.0201033
11	23.8	0.029701
12	23.8	0.0445718
13	23.8	-0.269126
14	23.8	-0.295517
15	23.8	-0.366114
16	23.8	-0.442517
1	23.9	0.436851
2	23.9	0.36786
3	23.9	0.296366
4	23.9	0.263118
5	23.9	-0.0506113
6	23.9	-0.0275317
7	23.9	-0.0196076
8	23.9	0.00923541
9	23.9	-0.00923541
10	23.9	0.0196076
11	23.9	0.0275317
12	23.9	0.0506113
13	23.9	-0.263118
14	23.9	-0.296366
15	23.9	-0.36786
16	23.9	-0.436851
1	24	0.430947
2	24	0.369558
3	24	0.297495
4	24	0.255467
5	24	-0.0546125
6	24	-0.0258873
7	24	-0.019133
8	24	0.00961928
9	24	-0.00961928
10	24	0.019133
11	24	0.0258873
12	24	0.0546125
13	24	-0.255467
14	24	-0.297495
15	24	-0.369558
16	24	-0.430947
1	24.1	0.424831
2	24.1	0.371157
3	24.1	0.298886
4	24.1	0.24626
5	24.1	-0.0565813
6	24.1	-0.0248009
7	24.1	-0.0186875
8	24.1	0.00993914
9	24.1	-0.00993914
10	24.1	0.0186875
11	24.1	0.0248009
12	24.1	0.0565813
13	24.1	-0.24626
14	24.1	-0.298886
15	24.1	-0.371157
16	24.1	-0.424831
1	24.2	0.418529
2	24.2	0.372616
3	24.2	0.300493
4	24.2	0.235626
5	24.2	-0.0565727
6	24.2	-0.0242834
7	24.2	-0.0182787
8	24.2	0.0101936
9	24.2	-0.0101936
10	24.2	0.0182787
11	24.2	0.0242834
12	24.2	0.0565727
13	24.2	-0.235626
14	24.2	-0.300493
15	24.2	-0.372616
16	24.2	-0.418529
1	24.3	0.412065
2	24.3	0.373901
3	24.3	0.302248
4	24.3	0.223741
5	24.3	-0.0546888
6	24.3	-0.024325
7	24.3	-0.0179142
8	24.3	0.01038
9	24.3	-0.01038
10	24.3	0.0179142
11	24.3	0.024325
12	24.3	0.0546888
13	24.3	-0.223741
14	24.3	-0.302248
15	24.3	-0.373901
16	24.3	-0.412065
1	24.4	0.405459
2	24.4	0.374992
3	24.4	0.304062
4	24.4	0.210819
5	24.4	-0.0510759
6	24.4	-0.0248954
7	24.4	-0.0176007
8	24.4	0.0104948
9	24.4	-0.0104948
10	24.4	0.0176007
11	24.4	0.0248954
12	24.4	0.0510759
13	24.4	-0.210819
14	24.4	-0.304062
15	24.4	-0.374992
16	24.4	-0.405459
1	24.5	0.398728
2	24.5	0.375878
3	24.5	0.305825
4	24.5	0.197106
5	24.5	-0.0459193
6	24.5	-0.025946
7	24.5	-0.0173444
8	24.5	0.0105331
9	24.5	-0.0105331
10	24.5	0.0173444
11	24.5	0.025946
12	24.5	0.0459193
13	24.5	-0.197106
14	24.5	-0.305825
15	24.5	-0.375878
16	24.5	-0.398728
1	24.6	0.391885
2	24.6	0.376557
3	24.6	0.307414
4	24.6	0.182879
5	24.6	-0.0394383
6	24.6	-0.0274125
7	24.6	-0.0171502
8	24.6	0.010489
9	24.6	-0.010489
10	24.6	0.0171502
11	24.6	0.0274125
12	24.6	0.0394383
13	24.6	-0.182879
14	24.6	-0.307414
15	24.6	-0.376557
16	24.6	-0.391885
1	24.7	0.384941
2	24.7	0.377039
3	24.7	0.308692
4	24.7	0.168431
5	24.7	-0.0318793
6	24.7	-0.0292174
7	24.7	-0.0170215
8	24.7	0.0103561
9	24.7	-0.0103561
10	24.7	0.0170215
11	24.7	0.0292174
12	24.7	0.0318793
13	24.7	-0.168431
14	24.7	-0.308692
15	24.7	-0.377039
16	24.7	-0.384941
1	24.8	0.377903
2	24.8	0.37734
3	24.8	0.309515
4	24.8	0.15407
5	24.8	-0.023509
6	24.8	-0.0312733
7	24.8	-0.0169597
8	24.8	0.0101271
9	24.8	-0.0101271
10	24.8	0.0169597
11	24.8	0.0312733
12	24.8	0.023509
13	24.8	-0.15407
14	24.8	-0.309515
15	24.8	-0.37734
16	24.8	-0.377903
1	24.9	0.370774
2	24.9	0.377484
3	24.9	0.309739
4	24.9	0.140108
5	24.9	-0.0146058
6	24.9	-0.0334865
7	24.9	-0.0169639
8	24.9	0.00979447
9	24.9	-0.00979447
10	24.9	0.0169639
11	24.9	0.0334865
12	24.9	0.0146058
13	24.9	-0.140108
14	24.9	-0.309739
15	24.9	-0.377484
16	24.9	-0.370774
1	25	0.363553
2	25	0.377501
3	25	0.309221
4	25	0.126849
5	25	-0.0054524
6	25	-0.0357603
7	25	-0.0170304
8	25	0.00935085
9	25	-0.00935085
10	25	0.0170304
11	25	0.0357603
12	25	0.0054524
13	25	-0.126849
14	25	-0.309221
15	25	-0.377501
16	25	-0.363553
1	25.1	0.356237
2	25.1	0.377423
3	25.1	0.307827
4	25.1	0.114586
5	25.1	0.00367246
6	25.1	-0.0379992
7	25.1	-0.0171529
8	25.1	0.00878925
9	25.1	-0.00878925
10	25.1	0.0171529
11	25.1	0.0379992
12	25.1	-0.00367246
13	25.1	-0.114586
14	25.1	-0.307827
15	25.1	-0.377423
16	25.1	-0.356237
1	25.2	0.348822
2	25.2	0.377285
3	25.2	0.305436
4	25.2	0.103588
5	25.2	0.012502
6	25.2	-0.0401118
7	25.2	-0.0173216
8	25.2	0.00810361
9	25.2	-0.00810361
10	25.2	0.0173216
11	25.2	0.0401118
12	25.2	-0.012502
13	25.2	-0.103588
14	25.2	-0.305436
15	25.2	-0.377285
16	25.2	-0.348822
1	25.3	0.341298
2	25.3	0.377122
3	25.3	0.301947
4	25.3	0.0940917
5	25.3	0.0207887
6	25.3	-0.0420142
7	25.3	-0.0175238
8	25.3	0.00728926
9	25.3	-0.00728926
10	25.3	0.0175238
11	25.3	0.0420142
12	25.3	-0.0207887
13	25.3	-0.0940917
14	25.3	-0.301947
15	25.3	-0.377122
16	25.3	-0.341298
1	25.4	0.333656
2	25.4	0.376967
3	25.4	0.297279
4	25.4	0.0862997
5	25.4	0.028311
6	25.4	-0.0436329
7	25.4	-0.0177438
8	25.4	0.00634343
9	25.4	-0.00634343
10	25.4	0.0177438
11	25.4	0.0436329
12	25.4	-0.028311
13	25.4	-0.0862997
14	25.4	-0.297279
15	25.4	-0.376967
16	25.4	-0.333656
1	25.5	0.325885
2	25.5	0.37685
3	25.5	0.291379
4	25.5	0.0803685
5	25.5	0.0348794
6	25.5	-0.0449072
7	25.5	-0.0179633
8	25.5	0.00526573
9	25.5	-0.00526573
10	25.5	0.0179633
11	25.5	0.0449072
12	25.5	-0.0348794
13	25.5	-0.0803685
14	25.5	-0.291379
15	25.5	-0.37685
16	25.5	-0.325885
1	25.6	0.317973
2	25.6	0.376795
3	25.6	0.284223
4	25.6	0.0764069
5	25.6	0.040341
6	25.6	-0.0457909
7	25.6	-0.0181615
8	25.6	0.00405872
9	25.6	-0.00405872
10	25.6	0.0181615
11	25.6	0.0457909
12	25.6	-0.040341
13	25.6	-0.0764069
14	25.6	-0.284223
15	25.6	-0.376795
16	25.6	-0.317973
1	25.7	0.309905
2	25.7	0.376823
3	25.7	0.275818
4	25.7	0.0744713
5	25.7	0.044583
6	25.7	-0.0462538
7	25.7	-0.018316
8	25.7	0.00272829
9	25.7	-0.00272829
10	25.7	0.018316
11	25.7	0.0462538
12	25.7	-0.044583
13	25.7	-0.0744713
14	25.7	-0.275818
15	25.7	-0.376823
16	25.7	-0.309905
1	25.8	0.30167
2	25.8	0.376947
3	25.8	0.266203
4	25.8	0.0745642
5	25.8	0.0475355
6	25.8	-0.046282
7	25.8	-0.0184036
8	25.8	0.00128414
9	25.8	-0.00128414
10	25.8	0.0184036
11	25.8	0.046282
12	25.8	-0.0475355
13	25.8	-0.0745642
14	25.8	-0.266203
15	25.8	-0.376947
16	25.8	-0.30167
1	25.9	0.293254
2	25.9	0.377172
3	25.9	0.255448
4	25.9	0.0766335
5	25.9	0.0491721
6	25.9	-0.0458783
7	25.9	-0.0184009
8	25.9	-0.000259931
9	25.9	0.000259931
10	25.9	0.0184009
11	25.9	0.0458783
12	25.9	-0.0491721
13	25.9	-0.0766335
14	25.9	-0.255448
15	25.9	-0.377172
16	25.9	-0.293254
1	26	0.284644
2	26	0.377498
3	26	0.243657
4	26	0.0805735
5	26	0.0495097
6	26	-0.0450609
7	26	-0.0182851
8	26	-0.00188576
9	26	0.00188576
10	26	0.0182851
11	26	0.0450609
12	26	-0.0495097
13	26	-0.0805735
14	26	-0.243657
15	26	-0.377498
16	26	-0.284644
1	26.1	0.275826
2	26.1	0.377918
3	26.1	0.230961
4	26.1	0.0862278
5	26.1	0.048607
6	26.1	-0.0438628
7	26.1	-0.0180355
8	26.1	-0.00357073
9	26.1	0.00357073
10	26.1	0.0180355
11	26.1	0.0438628
12	26.1	-0.048607
13	26.1	-0.0862278
14	26.1	-0.230961
15	26.1	-0.377918
16	26.1	-0.275826
1	26.2	0.266791
2	26.2	0.378418
3	26.2	0.217518
4	26.2	0.0933933
5	26.2	0.0465609
6	26.2	-0.0423299
7	26.2	-0.0176341
8	26.2	-0.00528783
9	26.2	0.00528783
10	26.2	0.0176341
11	26.2	0.0423299
12	26.2	-0.0465609
13	26.2	-0.0933933
14	26.2	-0.217518
15	26.2	-0.378418
16	26.2	-0.266791
1	26.3	0.257525
2	26.3	0.37898
3	26.3	0.203509
4	26.3	0.101825
5	26.3	0.0435035
6	26.3	-0.0405182
7	26.3	-0.0170662
8	26.3	-0.00700584
9	26.3	0.00700584
10	26.3	0.0170662
11	26.3	0.0405182
12	26.3	-0.0435035
13	26.3	-0.101825
14	26.3	-0.203509
15	26.3	-0.37898
16	26.3	-0.257525
1	26.4	0.24802
2	26.4	0.37958
3	26.4	0.189131
4	26.4	0.111245
5	26.4	0.0395961
6	26.4	-0.038492
7	26.4	-0.0163222
8	26.4	-0.00868968
9	26.4	0.00868968
10	26.4	0.0163222
11	26.4	0.038492
12	26.4	-0.0395961
13	26.4	-0.111245
14	26.4	-0.189131
15	26.4	-0.37958
16	26.4	-0.24802
1	26.5	0.238266
2	26.5	0.380194
3	26.5	0.174595
4	26.5	0.121345
5	26.5	0.0350239
6	26.5	-0.0363206
7	26.5	-0.0153972
8	26.5	-0.010301
9	26.5	0.010301
10	26.5	0.0153972
11	26.5	0.0363206
12	26.5	-0.0350239
13	26.5	-0.121345
14	26.5	-0.174595
15	26.5	-0.380194
16	26.5	-0.238266
1	26.6	0.228254
2	26.6	0.380795
3	26.6	0.16012
4	26.6	0.131801
5	26.6	0.0299892
6	26.6	-0.0340754
7	26.6	-0.0142924
8	26.6	-0.011799
9	26.6	0.011799
10	26.6	0.0142924
11	26.6	0.0340754
12	26.6	-0.0299892
13	26.6	-0.131801
14	26.6	-0.16012
15	26.6	-0.380795
16	26.6	-0.228254
1	26.7	0.217977
2	26.7	0.381356
3	26.7	0.145924
4	26.7	0.142277
5	26.7	0.0247048
6	26.7	-0.0318269
7	26.7	-0.0130151
8	26.7	-0.0131411
9	26.7	0.0131411
10	26.7	0.0130151
11	26.7	0.0318269
12	26.7	-0.0247048
13	26.7	-0.142277
14	26.7	-0.145924
15	26.7	-0.381356
16	26.7	-0.217977
1	26.8	0.20743
2	26.8	0.381852
3	26.8	0.132224
4	26.8	0.152437
5	26.8	0.0193867
6	26.8	-0.0296418
7	26.8	-0.0115785
8	26.8	-0.0142843
9	26.8	0.0142843
10	26.8	0.0115785
11	26.8	0.0296418
12	26.8	-0.0193867
13	26.8	-0.152437
14	26.8	-0.132224
15	26.8	-0.381852
16	26.8	-0.20743
1	26.9	0.196607
2	26.9	0.382263
3	26.9	0.119222
4	26.9	0.161953
5	26.9	0.0142472
6	26.9	-0.0275803
7	26.9	-0.0100022
8	26.9	-0.0151862
9	26.9	0.0151862
10	26.9	0.0100022
11	26.9	0.0275803
12	26.9	-0.0142472
13	26.9	-0.161953
14	26.9	-0.119222
15	26.9	-0.382263
16	26.9	-0.196607
1	27	0.185504
2	27	0.382571
3	27	0.107108
4	27	0.170511
5	27	0.00948804
6	27	-0.0256938
7	27	-0.00831116
8	27	-0.0158063
9	27	0.0158063
10	27	0.00831116
11	27	0.0256938
12	27	-0.00948804
13	27	-0.170511
14	27	-0.107108
15	27	-0.382571
16	27	-0.185504
1	27.1	0.174118
2	27.1	0.382765
3	27.1	0.0960497
4	27.1	0.177826
5	27.1	0.00529427
6	27.1	-0.0240228
7	27.1	-0.00653552
8	27.1	-0.0161076
9	27.1	0.0161076
10	27.1	0.00653552
11	27.1	0.0240228
12	27.1	-0.00529427
13	27.1	-0.177826
14	27.1	-0.0960497
15	27.1	-0.382765
16	27.1	-0.174118
1	27.2	0.162448
2	27.2	0.38284
3	27.2	0.0861879
4	27.2	0.183643
5	27.2	0.00182859
6	27.2	-0.0225954
7	27.2	-0.00470928
8	27.2	-0.0160578
9	27.2	0.0160578
10	27.2	0.00470928
11	27.2	0.0225954
12	27.2	-0.00182859
13	27.2	-0.183643
14	27.2	-0.0861879
15	27.2	-0.38284
16	27.2	-0.162448
1	27.3	0.150495
2	27.3	0.382799
3	27.3	0.0776362
4	27.3	0.187744
5	27.3	-0.000773446
6	27.3	-0.0214267
7	27.3	-0.00286938
8	27.3	-0.0156307
9	27.3	0.0156307
10	27.3	0.00286938
11	27.3	0.0214267
12	27.3	0.000773446
13	27.3	-0.187744
14	27.3	-0.0776362
15	27.3	-0.382799
16	27.3	-0.150495
1	27.4	0.13826
2	27.4	0.38265
3	27.4	0.0704757
4	27.4	0.189958
5	27.4	-0.00240721
6	27.4	-0.0205177
7	27.4	-0.0010543
8	27.4	-0.0148074
9	27.4	0.0148074
10	27.4	0.0010543
11	27.4	0.0205177
12	27.4	0.00240721
13	27.4	-0.189958
14	27.4	-0.0704757
15	27.4	-0.38265
16	27.4	-0.13826
1	27.5	0.125749
2	27.5	0.38241
3	27.5	0.0647541
4	27.5	0.190159
5	27.5	-0.00300172
6	27.5	-0.0198562
7	27.5	0.000697416
8	27.5	-0.0135779
9	27.5	0.0135779
10	27.5	-0.000697416
11	27.5	0.0198562
12	27.5	0.00300172
13	27.5	-0.190159
14	27.5	-0.0647541
15	27.5	-0.38241
16	27.5	-0.125749
1	27.6	0.112967
2	27.6	0.3821
3	27.6	0.0604846
4	27.6	0.188272
5	27.6	-0.00252127
6	27.6	-0.0194171
7	27.6	0.00234867
8	27.6	-0.0119416
9	27.6	0.0119416
10	27.6	-0.00234867
11	27.6	0.0194171
12	27.6	0.00252127
13	27.6	-0.188272
14	27.6	-0.0604846
15	27.6	-0.3821
16	27.6	-0.112967
1	27.7	0.0999238
2	27.7	0.381747
3	27.7	0.0576463
4	27.7	0.184275
5	27.7	-0.000965872
6	27.7	-0.0191637
7	27.7	0.00386542
8	27.7	-0.00990813
9	27.7	0.00990813
10	27.7	-0.00386542
11	27.7	0.0191637
12	27.7	0.000965872
13	27.7	-0.184275
14	27.7	-0.0576463
15	27.7	-0.381747
16	27.7	-0.0999238
1	27.8	0.0866335
2	27.8	0.381383
3	27.8	0.0561855
4	27.8	0.178193
5	27.8	0.00162944
6	27.8	-0.0190497
7	27.8	0.00521822
8	27.8	-0.00749814
9	27.8	0.00749814
10	27.8	-0.00521822
11	27.8	0.0190497
12	27.8	-0.00162944
13	27.8	-0.178193
14	27.8	-0.0561855
15	27.8	-0.381383
16	27.8	-0.0866335
1	27.9	0.073112
2	27.9	0.381041
3	27.9	0.056018
4	27.9	0.170103
5	27.9	0.00519641
6	27.9	-0.0190211
7	27.9	0.00638359
8	27.9	-0.0047431
9	27.9	0.0047431
10	27.9	-0.00638359
11	27.9	0.0190211
12	27.9	-0.00519641
13	27.9	-0.170103
14	27.9	-0.056018
15	27.9	-0.381041
16	27.9	-0.073112
1	28	0.0593802
2	28	0.380754
3	28	0.057032
4	28	0.160128
5	28	0.00963632
6	28	-0.0190187
7	28	0.00734534
8	28	-0.00168522
9	28	0.00168522
10	28	-0.00734534
11	28	0.0190187
12	28	-0.00963632
13	28	-0.160128
14	28	-0.057032
15	28	-0.380754
16	28	-0.0593802
1	28.1	0.0454631
2	28.1	0.380556
3	28.1	0.0590926
4	28.1	0.148431
5	28.1	0.0148237
6	28.1	-0.0189807
7	28.1	0.00809551
8	28.1	0.00162313
9	28.1	-0.00162313
10	28.1	-0.00809551
11	28.1	0.0189807
12	28.1	-0.0148237
13	28.1	-0.148431
14	28.1	-0.0590926
15	28.1	-0.380556
16	28.1	-0.0454631
1	28.2	0.0313904
2	28.2	0.380475
3	28.2	0.0620456
4	28.2	0.135213
5	28.2	0.0206107
6	28.2	-0.0188457
7	28.2	0.00863515
8	28.2	0.00512039
9	28.2	-0.00512039
10	28.2	-0.00863515
11	28.2	0.0188457
12	28.2	-0.0206107
13	28.2	-0.135213
14	28.2	-0.0620456
15	28.2	-0.380475
16	28.2	-0.0313904
1	28.3	0.017197
2	28.3	0.380532
3	28.3	0.0657233
4	28.3	0.120703
5	28.3	0.0268323
6	28.3	-0.018555
7	28.3	0.00897471
8	28.3	0.00873713
9	28.3	-0.00873713
10	28.3	-0.00897471
11	28.3	0.018555
12	28.3	-0.0268323
13	28.3	-0.120703
14	28.3	-0.0657233
15	28.3	-0.380532
16	28.3	-0.017197
1	28.4	0.00292281
2	28.4	0.380744
3	28.4	0.0699494
4	28.4	0.105155
5	28.4	0.0333116
6	28.4	-0.0180559
7	28.4	0.00913402
8	28.4	0.0123977
9	28.4	-0.0123977
10	28.4	-0.00913402
11	28.4	0.0180559
12	28.4	-0.0333116
13	28.4	-0.105155
14	28.4	-0.0699494
15	28.4	-0.380744
16	28.4	-0.00292281
1	28.5	-0.0113869
2	28.5	0.381114
3	28.5	0.074545
4	28.5	0.0888379
5	28.5	0.0398653
6	28.5	-0.0173034
7	28.5	0.00914199
8	28.5	0.0160224
9	28.5	-0.0160224
10	28.5	-0.00914199
11	28.5	0.0173034
12	28.5	-0.0398653
13	28.5	-0.0888379
14	28.5	-0.074545
15	28.5	-0.381114
16	28.5	0.0113869
1	28.6	-0.025682
2	28.6	0.381637
3	28.6	0.0793336
4	28.6	0.0720285
5	28.6	0.0463097
6	28.6	-0.0162629
7	28.6	0.00903585
8	28.6	0.0195293
9	28.6	-0.0195293
10	28.6	-0.00903585
11	28.6	0.0162629
12	28.6	-0.0463097
13	28.6	-0.0720285
14	28.6	-0.0793336
15	28.6	-0.381637
16	28.6	0.025682
1	28.7	-0.0399071
2	28.7	0.382293
3	28.7	0.084147
4	28.7	0.0550051
5	28.7	0.052466
6	28.7	-0.0149115
7	28.7	0.00885999
8	28.7	0.0228372
9	28.7	-0.0228372
10	28.7	-0.00885999
11	28.7	0.0149115
12	28.7	-0.052466
13	28.7	-0.0550051
14	28.7	-0.084147
15	28.7	-0.382293
16	28.7	0.0399071
1	28.8	-0.0540024
2	28.8	0.38305
3	28.8	0.0888297
4	28.8	0.0380389
5	28.8	0.0581658
6	28.8	-0.0132391
7	28.8	0.00866453
8	28.8	0.0258679
9	28.8	-0.0258679
10	28.8	-0.00866453
11	28.8	0.0132391
12	28.8	-0.0581658
13	28.8	-0.0380389
14	28.8	-0.0888297
15	28.8	-0.38305
16	28.8	0.0540024
1	28.9	-0.0679042
2	28.9	0.383859
3	28.9	0.0932435
4	28.9	0.0213879
5	28.9	0.0632555
6	28.9	-0.0112499
7	28.9	0.00850351
8	28.9	0.0285489
9	28.9	-0.0285489
10	28.9	-0.00850351
11	28.9	0.0112499
12	28.9	-0.0632555
13	28.9	-0.0213879
14	28.9	-0.0932435
15	28.9	-0.383859
16	28.9	0.0679042
1	29	-0.0815451
2	29	0.38466
3	29	0.0972714
4	29	0.00529039
5	29	0.0676002
6	29	-0.00896141
7	29	0.00843285
8	29	0.0308159
9	29	-0.0308159
10	29	-0.00843285
11	29	0.00896141
12	29	-0.0676002
13	29	-0.00529039
14	29	-0.0972714
15	29	-0.38466
16	29	0.0815451
1	29.1	-0.0948556
2	29.1	0.385378
3	29.1	0.10082
4	29.1	-0.01004
5	29.1	0.0710877
6	29.1	-0.00640508
7	29.1	0.00850814
8	29.1	0.0326155
9	29.1	-0.0326155
10	29.1	-0.00850814
11	29.1	0.00640508
12	29.1	-0.0710877
13	29.1	0.01004
14	29.1	-0.10082
15	29.1	-0.385378
16	29.1	0.0948556
1	29.2	-0.107764
2	29.2	0.385925
3	29.2	0.103823
4	29.2	-0.0244192
5	29.2	0.0736304
6	29.2	-0.00362475
7	29.2	0.00878227
8	29.2	0.0339067
9	29.2	-0.0339067
10	29.2	-0.00878227
11	29.2	0.00362475
12	29.2	-0.0736304
13	29.2	0.0244192
14	29.2	-0.103823
15	29.2	-0.385925
16	29.2	0.107764
1	29.3	-0.1202
2	29.3	0.386202
3	29.3	0.106239
4	29.3	-0.0376958
5	29.3	0.0751673
6	29.3	-0.00067547
7	29.3	0.00930315
8	29.3	0.0346639
9	29.3	-0.0346639
10	29.3	-0.00930315
11	29.3	0.00067547
12	29.3	-0.0751673
13	29.3	0.0376958
14	29.3	-0.106239
15	29.3	-0.386202
16	29.3	0.1202
1	29.4	-0.132091
2	29.4	0.386101
3	29.4	0.108055
4	29.4	-0.0497529
5	29.4	0.0756644
6	29.4	0.00237846
7	29.4	0.0101114
8	29.4	0.0348771
9	29.4	-0.0348771
10	29.4	-0.0101114
11	29.4	-0.00237846
12	29.4	-0.0756644
13	29.4	0.0497529
14	29.4	-0.108055
15	29.4	-0.386101
16	29.4	0.132091
1	29.5	-0.143369
2	29.5	0.385509
3	29.5	0.109286
4	29.5	-0.0605102
5	29.5	0.0751152
6	29.5	0.00546567
7	29.5	0.0112381
8	29.5	0.0345539
9	29.5	-0.0345539
10	29.5	-0.0112381
11	29.5	-0.00546567
12	29.5	-0.0751152
13	29.5	0.0605102
14	29.5	-0.109286
15	29.5	-0.385509
16	29.5	0.143369
1	29.6	-0.153969
2	29.6	0.384308
3	29.6	0.10997
4	29.6	-0.069923
5	29.6	0.0735387
6	29.6	0.00851032
7	29.6	0.0127031
8	29.6	0.033719
9	29.6	-0.033719
10	29.6	-0.0127031
11	29.6	-0.00851032
12	29.6	-0.0735387
13	29.6	0.069923
14	29.6	-0.10997
15	29.6	-0.384308
16	29.6	0.153969
1	29.7	-0.163832
2	29.7	0.38238
3	29.7	0.110167
4	29.7	-0.0779815
5	29.7	0.0709785
6	29.7	0.0114348
7	29.7	0.0145136
8	29.7	0.0324149
9	29.7	-0.0324149
10	29.7	-0.0145136
11	29.7	-0.0114348
12	29.7	-0.0709785
13	29.7	0.0779815
14	29.7	-0.110167
15	29.7	-0.38238
16	29.7	0.163832
1	29.8	-0.172902
2	29.8	0.379611
3	29.8	0.109957
4	29.8	-0.0847088
5	29.8	0.0675
6	29.8	0.0141624
7	29.8	0.0166626
8	29.8	0.0307005
9	29.8	-0.0307005
10	29.8	-0.0166626
11	29.8	-0.0141624
12	29.8	-0.0675
13	29.8	0.0847088
14	29.8	-0.109957
15	29.8	-0.379611
16	29.8	0.172902
1	29.9	-0.181135
2	29.9	0.375894
3	29.9	0.109434
4	29.9	-0.0901579
5	29.9	0.0631872
6	29.9	0.0166205
7	29.9	0.0191287
8	29.9	0.0286497
9	29.9	-0.0286497
10	29.9	-0.0191287
11	29.9	-0.0166205
12	29.9	-0.0631872
13	29.9	0.0901579
14	29.9	-0.109434
15	29.9	-0.375894
16	29.9	0.181135
1	30	-0.188493
2	30	0.371131
3	30	0.108706
4	30	-0.0944076
5	30	0.0581392
6	30	0.0187425
7	30	0.0218754
8	30	0.0263498
9	30	-0.0263498
10	30	-0.0218754
11	30	-0.0187425
12	30	-0.0581392
13	30	0.0944076
14	30	-0.108706
15	30	-0.371131
16	30	0.188493
1	30.1	-0.194951
2	30.1	0.365238
3	30.1	0.107882
4	30.1	-0.0975587
5	30.1	0.0524669
6	30.1	0.0204712
7	30.1	0.0248521
8	30.1	0.0238985
9	30.1	-0.0238985
10	30.1	-0.0248521
11	30.1	-0.0204712
12	30.1	-0.0524669
13	30.1	0.0975587
14	30.1	-0.107882
15	30.1	-0.365238
16	30.1	0.194951
1	30.2	-0.200492
2	30.2	0.358152
3	30.2	0.107077
4	30.2	-0.0997291
5	30.2	0.0462881
6	30.2	0.0217601
7	30.2	0.0279947
8	30.2	0.0214009
9	30.2	-0.0214009
10	30.2	-0.0279947
11	30.2	-0.0217601
12	30.2	-0.0462881
13	30.2	0.0997291
14	30.2	-0.107077
15	30.2	-0.358152
16	30.2	0.200492
1	30.3	-0.205114
2	30.3	0.349825
3	30.3	0.1064
4	30.3	-0.101048
5	30.3	0.0397243
6	30.3	0.0225753
7	30.3	0.0312268
8	30.3	0.018966
9	30.3	-0.018966
10	30.3	-0.0312268
11	30.3	-0.0225753
12	30.3	-0.0397243
13	30.3	0.101048
14	30.3	-0.1064
15	30.3	-0.349825
16	30.3	0.205114
1	30.4	-0.208826
2	30.4	0.340235
3	30.4	0.105952
4	30.4	-0.101653
5	30.4	0.0328963
6	30.4	0.0228971
7	30.4	0.0344623
8	30.4	0.0167029
9	30.4	-0.0167029
10	30.4	-0.0344623
11	30.4	-0.0228971
12	30.4	-0.0328963
13	30.4	0.101653
14	30.4	-0.105952
15	30.4	-0.340235
16	30.4	0.208826
1	30.5	-0.211652
2	30.5	0.329384
3	30.5	0.105825
4	30.5	-0.101682
5	30.5	0.025921
6	30.5	0.0227202
7	30.5	0.037607
8	30.5	0.0147168
9	30.5	-0.0147168
10	30.5	-0.037607
11	30.5	-0.0227202
12	30.5	-0.025921
13	30.5	0.101682
14	30.5	-0.105825
15	30.5	-0.329384
16	30.5	0.211652
1	30.6	-0.213626
2	30.6	0.317301
3	30.6	0.10609
4	30.6	-0.101272
5	30.6	0.0189075
6	30.6	0.0220544
7	30.6	0.040562
8	30.6	0.0131049
9	30.6	-0.0131049
10	30.6	-0.040562
11	30.6	-0.0220544
12	30.6	-0.0189075
13	30.6	0.101272
14	30.6	-0.10609
15	30.6	-0.317301
16	30.6	0.213626
1	30.7	-0.2148
2	30.7	0.304042
3	30.7	0.106803
4	30.7	-0.100552
5	30.7	0.0119548
6	30.7	0.020924
7	30.7	0.0432264
8	30.7	0.011952
9	30.7	-0.011952
10	30.7	-0.0432264
11	30.7	-0.020924
12	30.7	-0.0119548
13	30.7	0.100552
14	30.7	-0.106803
15	30.7	-0.304042
16	30.7	0.2148
1	30.8	-0.215233
2	30.8	0.289689
3	30.8	0.107996
4	30.8	-0.0996389
5	30.8	0.00514932
6	30.8	0.0193669
7	30.8	0.0455006
8	30.8	0.0113274
9	30.8	-0.0113274
10	30.8	-0.0455006
11	30.8	-0.0193669
12	30.8	-0.00514932
13	30.8	0.0996389
14	30.8	-0.107996
15	30.8	-0.289689
16	30.8	0.215233
1	30.9	-0.214999
2	30.9	0.274351
3	30.9	0.109679
4	30.9	-0.0986389
5	30.9	-0.00143666
6	30.9	0.0174334
7	30.9	0.0472894
8	30.9	0.0112808
9	30.9	-0.0112808
10	30.9	-0.0472894
11	30.9	-0.0174334
12	30.9	0.00143666
13	30.9	0.0986389
14	30.9	-0.109679
15	30.9	-0.274351
16	30.9	0.214999
1	31	-0.214184
2	31	0.258163
3	31	0.111839
4	31	-0.09764
5	31	-0.0077463
6	31	0.0151844
7	31	0.0485058
8	31	0.0118396
9	31	-0.0118396
10	31	-0.0485058
11	31	-0.0151844
12	31	0.0077463
13	31	0.09764
14	31	-0.111839
15	31	-0.258163
16	31	0.214184
1	31.1	-0.21288
2	31.1	0.241282
3	31.1	0.114436
4	31.1	-0.0967132
5	31.1	-0.0137384
6	31.1	0.0126892
7	31.1	0.0490734
8	31.1	0.0130068
9	31.1	-0.0130068
10	31.1	-0.0490734
11	31.1	-0.0126892
12	31.1	0.0137384
13	31.1	0.0967132
14	31.1	-0.114436
15	31.1	-0.241282
16	31.1	0.21288
1	31.2	-0.211189
2	31.2	0.223884
3	31.2	0.117412
4	31.2	-0.0959105
5	31.2	-0.0193875
6	31.2	0.0100231
7	31.2	0.0489295
8	31.2	0.014759
9	31.2	-0.014759
10	31.2	-0.0489295
11	31.2	-0.0100231
12	31.2	0.0193875
13	31.2	0.0959105
14	31.2	-0.117412
15	31.2	-0.223884
16	31.2	0.211189
1	31.3	-0.209219
2	31.3	0.206164
3	31.3	0.120684
4	31.3	-0.0952659
5	31.3	-0.0246827
6	31.3	0.00726491
7	31.3	0.0480278
8	31.3	0.0170456
9	31.3	-0.0170456
10	31.3	-0.0480278
11	31.3	-0.00726491
12	31.3	0.0246827
13	31.3	0.0952659
14	31.3	-0.120684
15	31.3	-0.206164
16	31.3	0.209219
1	31.4	-0.207081
2	31.4	0.188328
3	31.4	0.124152
4	31.4	-0.0947949
5	31.4	-0.0296268
6	31.4	0.00449421
7	31.4	0.0463398
8	31.4	0.0197895
9	31.4	-0.0197895
10	31.4	-0.0463398
11	31.4	-0.00449421
12	31.4	0.0296268
13	31.4	0.0947949
14	31.4	-0.124152
15	31.4	-0.188328
16	31.4	0.207081
1	31.5	-0.20489
2	31.5	0.170589
3	31.5	0.127702
4	31.5	-0.094497
5	31.5	-0.0342345
6	31.5	0.0017886
7	31.5	0.0438568
8	31.5	0.0228874
9	31.5	-0.0228874
10	31.5	-0.0438568
11	31.5	-0.0017886
12	31.5	0.0342345
13	31.5	0.094497
14	31.5	-0.127702
15	31.5	-0.170589
16	31.5	0.20489
1	31.6	-0.202759
2	31.6	0.153167
3	31.6	0.131208
4	31.6	-0.0943568
5	31.6	-0.0385303
6	31.6	-0.000778787
7	31.6	0.0405899
8	31.6	0.0262121
9	31.6	-0.0262121
10	31.6	-0.0405899
11	31.6	0.000778787
12	31.6	0.0385303
13	31.6	0.0943568
14	31.6	-0.131208
15	31.6	-0.153167
16	31.6	0.202759
1	31.7	-0.2008
2	31.7	0.136278
3	31.7	0.134537
4	31.7	-0.0943469
5	31.7	-0.0425461
6	31.7	-0.00314166
7	31.7	0.0365711
8	31.7	0.0296155
9	31.7	-0.0296155
10	31.7	-0.0365711
11	31.7	0.00314166
12	31.7	0.0425461
13	31.7	0.0943469
14	31.7	-0.134537
15	31.7	-0.136278
16	31.7	0.2008
1	31.8	-0.19912
2	31.8	0.12013
3	31.8	0.137554
4	31.8	-0.0944303
5	31.8	-0.0463193
6	31.8	-0.00524263
7	31.8	0.0318517
8	31.8	0.032932
9	31.8	-0.032932
10	31.8	-0.0318517
11	31.8	0.00524263
12	31.8	0.0463193
13	31.8	0.0944303
14	31.8	-0.137554
15	31.8	-0.12013
16	31.8	0.19912
1	31.9	-0.197819
2	31.9	0.104923
3	31.9	0.140125
4	31.9	-0.0945637
5	31.9	-0.0498896
6	31.9	-0.00703494
7	31.9	0.0265019
8	31.9	0.035983
9	31.9	-0.035983
10	31.9	-0.0265019
11	31.9	0.00703494
12	31.9	0.0498896
13	31.9	0.0945637
14	31.9	-0.140125
15	31.9	-0.104923
16	31.9	0.197819
