0.01	1.64461e-09
0.02	7.0508e-05
0.03	0.00174614
0.04	0.0074336
0.05	0.0165048
0.06	0.0273361
0.07	0.0390081
0.08	0.0512166
0.09	0.0639319
0.1	0.0772021
0.11	0.0910613
0.12	0.105491
0.13	0.120409
0.14	0.135675
0.15	0.151109
0.16	0.166507
0.17	0.181661
0.18	0.196372
0.19	0.210459
0.2	0.22377
0.21	0.236181
0.22	0.247601
0.23	0.257968
0.24	0.267246
0.25	0.275423
0.26	0.28251
0.27	0.288531
0.28	0.293526
0.29	0.297544
0.3	0.300641
0.31	0.302876
0.32	0.304315
0.33	0.30502
0.34	0.305056
0.35	0.304486
0.36	0.303368
0.37	0.301761
0.38	0.299719
0.39	0.297293
0.4	0.294529
0.41	0.291472
0.42	0.288162
0.43	0.284635
0.44	0.280925
0.45	0.277063
0.46	0.273075
0.47	0.268988
0.48	0.264823
0.49	0.260599
0.5	0.256336
0.51	0.252048
0.52	0.247749
0.53	0.243453
0.54	0.239169
0.55	0.234907
0.56	0.230676
0.57	0.226482
0.58	0.222332
0.59	0.218232
0.6	0.214184
0.61	0.210195
0.62	0.206265
0.63	0.202399
0.64	0.198597
0.65	0.194863
0.66	0.191196
0.67	0.187598
0.68	0.18407
0.69	0.180611
0.7	0.177221
0.71	0.173902
0.72	0.170651
0.73	0.167469
0.74	0.164355
0.75	0.161308
0.76	0.158328
0.77	0.155413
0.78	0.152563
0.79	0.149777
0.8	0.147052
0.81	0.144389
0.82	0.141786
0.83	0.139242
0.84	0.136755
0.85	0.134325
0.86	0.13195
0.87	0.129629
0.88	0.127361
0.89	0.125144
0.9	0.122978
0.91	0.120861
0.92	0.118791
0.93	0.116769
0.94	0.114792
0.95	0.11286
0.96	0.110972
0.97	0.109125
0.98	0.10732
0.99	0.105555
1	0.10383
1.01	0.102143
1.02	0.100493
1.03	0.0988792
1.04	0.097301
1.05	0.0957573
1.06	0.0942472
1.07	0.0927699
1.08	0.0913245
1.09	0.0899101
1.1	0.0885261
1.11	0.0871717
1.12	0.085846
1.13	0.0845483
1.14	0.083278
1.15	0.0820343
1.16	0.0808165
1.17	0.079624
1.18	0.0784562
1.19	0.0773125
1.2	0.0761921
1.21	0.0750946
1.22	0.0740194
1.23	0.0729659
1.24	0.0719336
1.25	0.0709219
1.26	0.0699303
1.27	0.0689583
1.28	0.0680056
1.29	0.0670715
1.3	0.0661556
1.31	0.0652575
1.32	0.0643768
1.33	0.063513
1.34	0.0626657
1.35	0.0618346
1.36	0.0610192
1.37	0.0602191
1.38	0.0594341
1.39	0.0586637
1.4	0.0579076
1.41	0.0571655
1.42	0.056437
1.43	0.0557219
1.44	0.0550198
1.45	0.0543303
1.46	0.0536533
1.47	0.0529885
1.48	0.0523355
1.49	0.0516941
1.5	0.051064
1.51	0.050445
1.52	0.0498369
1.53	0.0492393
1.54	0.0486521
1.55	0.048075
1.56	0.0475078
1.57	0.0469503
1.58	0.0464022
1.59	0.0458634
1.6	0.0453337
1.61	0.0448128
1.62	0.0443006
1.63	0.043797
1.64	0.0433016
1.65	0.0428143
1.66	0.0423351
1.67	0.0418636
1.68	0.0413997
1.69	0.0409433
1.7	0.0404943
1.71	0.0400524
1.72	0.0396175
1.73	0.0391895
1.74	0.0387683
1.75	0.0383536
1.76	0.0379454
1.77	0.0375435
1.78	0.0371479
1.79	0.0367583
1.8	0.0363747
1.81	0.0359969
1.82	0.0356249
1.83	0.0352584
1.84	0.0348975
1.85	0.034542
1.86	0.0341918
1.87	0.0338468
1.88	0.0335068
1.89	0.0331719
1.9	0.0328418
1.91	0.0325166
1.92	0.0321961
1.93	0.0318802
1.94	0.0315688
1.95	0.031262
1.96	0.0309594
1.97	0.0306612
1.98	0.0303672
1.99	0.0300773
2	0.0297915
2.01	0.0295096
2.02	0.0292317
2.03	0.0289576
2.04	0.0286873
2.05	0.0284207
2.06	0.0281577
2.07	0.0278983
2.08	0.0276424
2.09	0.02739
2.1	0.027141
2.11	0.0268952
2.12	0.0266528
2.13	0.0264136
2.14	0.0261775
2.15	0.0259445
2.16	0.0257146
2.17	0.0254877
2.18	0.0252637
2.19	0.0250426
2.2	0.0248244
2.21	0.024609
2.22	0.0243963
2.23	0.0241863
2.24	0.023979
2.25	0.0237743
2.26	0.0235722
2.27	0.0233726
2.28	0.0231755
2.29	0.0229809
2.3	0.0227887
2.31	0.0225988
2.32	0.0224113
2.33	0.022226
2.34	0.0220431
2.35	0.0218623
2.36	0.0216838
2.37	0.0215073
2.38	0.0213331
2.39	0.0211608
2.4	0.0209907
2.41	0.0208226
2.42	0.0206564
2.43	0.0204922
2.44	0.02033
2.45	0.0201696
2.46	0.0200111
2.47	0.0198545
2.48	0.0196996
2.49	0.0195466
2.5	0.0193953
2.51	0.0192457
2.52	0.0190978
2.53	0.0189516
2.54	0.0188071
2.55	0.0186642
2.56	0.0185229
2.57	0.0183832
2.58	0.0182451
2.59	0.0181084
2.6	0.0179733
2.61	0.0178397
2.62	0.0177076
2.63	0.0175769
2.64	0.0174476
2.65	0.0173198
2.66	0.0171933
2.67	0.0170682
2.68	0.0169444
2.69	0.016822
2.7	0.0167009
2.71	0.0165811
2.72	0.0164625
2.73	0.0163452
2.74	0.0162291
2.75	0.0161143
2.76	0.0160007
2.77	0.0158882
2.78	0.0157769
2.79	0.0156668
2.8	0.0155578
2.81	0.01545
2.82	0.0153432
2.83	0.0152376
2.84	0.015133
2.85	0.0150295
2.86	0.014927
2.87	0.0148256
2.88	0.0147252
2.89	0.0146258
2.9	0.0145274
2.91	0.01443
2.92	0.0143335
2.93	0.014238
2.94	0.0141435
2.95	0.0140498
2.96	0.0139571
2.97	0.0138653
2.98	0.0137744
2.99	0.0136844
3	0.0135953
3.01	0.013507
3.02	0.0134196
3.03	0.013333
3.04	0.0132472
3.05	0.0131623
3.06	0.0130782
3.07	0.0129948
3.08	0.0129123
3.09	0.0128305
3.1	0.0127495
3.11	0.0126693
3.12	0.0125898
3.13	0.0125111
3.14	0.012433
3.15	0.0123557
3.16	0.0122792
3.17	0.0122033
3.18	0.0121281
3.19	0.0120536
3.2	0.0119798
3.21	0.0119067
3.22	0.0118342
3.23	0.0117624
3.24	0.0116912
3.25	0.0116207
3.26	0.0115508
3.27	0.0114815
3.28	0.0114129
3.29	0.0113448
3.3	0.0112774
3.31	0.0112105
3.32	0.0111443
3.33	0.0110786
3.34	0.0110135
3.35	0.0109489
3.36	0.010885
3.37	0.0108216
3.38	0.0107587
3.39	0.0106964
3.4	0.0106346
3.41	0.0105733
3.42	0.0105126
3.43	0.0104524
3.44	0.0103927
3.45	0.0103335
3.46	0.0102748
3.47	0.0102166
3.48	0.0101589
3.49	0.0101017
3.5	0.010045
3.51	0.0099887
3.52	0.0099329
3.53	0.00987757
3.54	0.0098227
3.55	0.00976828
3.56	0.00971431
3.57	0.00966078
3.58	0.00960769
3.59	0.00955504
3.6	0.00950281
3.61	0.00945101
3.62	0.00939963
3.63	0.00934867
3.64	0.00929812
3.65	0.00924797
3.66	0.00919823
3.67	0.00914888
3.68	0.00909993
3.69	0.00905137
3.7	0.0090032
3.71	0.00895541
3.72	0.00890799
3.73	0.00886095
3.74	0.00881428
3.75	0.00876797
3.76	0.00872203
3.77	0.00867644
3.78	0.00863121
3.79	0.00858633
3.8	0.0085418
3.81	0.00849761
3.82	0.00845377
3.83	0.00841026
3.84	0.00836708
3.85	0.00832423
3.86	0.00828172
3.87	0.00823952
3.88	0.00819764
3.89	0.00815608
3.9	0.00811484
3.91	0.00807391
3.92	0.00803328
3.93	0.00799296
3.94	0.00795294
3.95	0.00791322
3.96	0.00787379
3.97	0.00783466
3.98	0.00779581
3.99	0.00775726
4	0.00771898
