0.01	0
0.02	9.15934e-12
0.03	1.19885e-07
0.04	1.16315e-05
0.05	0.000163672
0.06	0.00089297
0.07	0.0028673
0.08	0.00666431
0.09	0.0125645
0.1	0.0205559
0.11	0.0304364
0.12	0.0419144
0.13	0.0546717
0.14	0.0683949
0.15	0.0827875
0.16	0.0975741
0.17	0.112502
0.18	0.127343
0.19	0.141893
0.2	0.155977
0.21	0.169447
0.22	0.182183
0.23	0.19409
0.24	0.205102
0.25	0.215173
0.26	0.22428
0.27	0.232417
0.28	0.239593
0.29	0.245831
0.3	0.251162
0.31	0.255628
0.32	0.259273
0.33	0.262146
0.34	0.2643
0.35	0.265787
0.36	0.266659
0.37	0.266969
0.38	0.266768
0.39	0.266103
0.4	0.265021
0.41	0.263565
0.42	0.261776
0.43	0.259693
0.44	0.257351
0.45	0.254783
0.46	0.252019
0.47	0.249086
0.48	0.24601
0.49	0.242814
0.5	0.239518
0.51	0.236142
0.52	0.232702
0.53	0.229214
0.54	0.22569
0.55	0.222145
0.56	0.218587
0.57	0.215027
0.58	0.211474
0.59	0.207935
0.6	0.204417
0.61	0.200925
0.62	0.197464
0.63	0.19404
0.64	0.190655
0.65	0.187312
0.66	0.184016
0.67	0.180766
0.68	0.177567
0.69	0.174419
0.7	0.171323
0.71	0.16828
0.72	0.165291
0.73	0.162356
0.74	0.159476
0.75	0.156651
0.76	0.15388
0.77	0.151163
0.78	0.148501
0.79	0.145892
0.8	0.143336
0.81	0.140833
0.82	0.138382
0.83	0.135981
0.84	0.133631
0.85	0.131331
0.86	0.129079
0.87	0.126875
0.88	0.124719
0.89	0.122608
0.9	0.120543
0.91	0.118522
0.92	0.116544
0.93	0.114609
0.94	0.112715
0.95	0.110862
0.96	0.109049
0.97	0.107275
0.98	0.105539
0.99	0.10384
1	0.102177
1.01	0.10055
1.02	0.098957
1.03	0.0973982
1.04	0.0958725
1.05	0.094379
1.06	0.0929169
1.07	0.0914856
1.08	0.0900842
1.09	0.0887122
1.1	0.0873686
1.11	0.0860529
1.12	0.0847645
1.13	0.0835025
1.14	0.0822664
1.15	0.0810556
1.16	0.0798694
1.17	0.0787073
1.18	0.0775687
1.19	0.0764529
1.2	0.0753595
1.21	0.0742879
1.22	0.0732376
1.23	0.072208
1.24	0.0711988
1.25	0.0702093
1.26	0.0692391
1.27	0.0682877
1.28	0.0673548
1.29	0.0664398
1.3	0.0655424
1.31	0.0646621
1.32	0.0637985
1.33	0.0629512
1.34	0.0621199
1.35	0.0613041
1.36	0.0605036
1.37	0.0597179
1.38	0.0589467
1.39	0.0581897
1.4	0.0574466
1.41	0.056717
1.42	0.0560006
1.43	0.0552971
1.44	0.0546063
1.45	0.0539278
1.46	0.0532614
1.47	0.0526067
1.48	0.0519636
1.49	0.0513318
1.5	0.050711
1.51	0.050101
1.52	0.0495016
1.53	0.0489124
1.54	0.0483334
1.55	0.0477642
1.56	0.0472047
1.57	0.0466546
1.58	0.0461137
1.59	0.0455819
1.6	0.045059
1.61	0.0445447
1.62	0.0440389
1.63	0.0435415
1.64	0.0430521
1.65	0.0425707
1.66	0.0420971
1.67	0.0416311
1.68	0.0411726
1.69	0.0407215
1.7	0.0402775
1.71	0.0398405
1.72	0.0394104
1.73	0.038987
1.74	0.0385703
1.75	0.03816
1.76	0.0377561
1.77	0.0373584
1.78	0.0369667
1.79	0.0365811
1.8	0.0362013
1.81	0.0358273
1.82	0.0354588
1.83	0.0350959
1.84	0.0347385
1.85	0.0343863
1.86	0.0340393
1.87	0.0336975
1.88	0.0333606
1.89	0.0330287
1.9	0.0327016
1.91	0.0323792
1.92	0.0320615
1.93	0.0317483
1.94	0.0314396
1.95	0.0311353
1.96	0.0308353
1.97	0.0305395
1.98	0.0302479
1.99	0.0299604
2	0.0296768
2.01	0.0293972
2.02	0.0291215
2.03	0.0288495
2.04	0.0285813
2.05	0.0283167
2.06	0.0280557
2.07	0.0277982
2.08	0.0275442
2.09	0.0272936
2.1	0.0270464
2.11	0.0268024
2.12	0.0265617
2.13	0.0263241
2.14	0.0260897
2.15	0.0258583
2.16	0.0256299
2.17	0.0254045
2.18	0.0251821
2.19	0.0249624
2.2	0.0247456
2.21	0.0245316
2.22	0.0243203
2.23	0.0241117
2.24	0.0239057
2.25	0.0237023
2.26	0.0235014
2.27	0.023303
2.28	0.0231071
2.29	0.0229137
2.3	0.0227226
2.31	0.0225339
2.32	0.0223474
2.33	0.0221633
2.34	0.0219814
2.35	0.0218016
2.36	0.0216241
2.37	0.0214487
2.38	0.0212753
2.39	0.0211041
2.4	0.0209349
2.41	0.0207676
2.42	0.0206024
2.43	0.0204391
2.44	0.0202777
2.45	0.0201181
2.46	0.0199605
2.47	0.0198046
2.48	0.0196506
2.49	0.0194983
2.5	0.0193477
2.51	0.0191989
2.52	0.0190518
2.53	0.0189063
2.54	0.0187625
2.55	0.0186203
2.56	0.0184797
2.57	0.0183406
2.58	0.0182031
2.59	0.0180671
2.6	0.0179327
2.61	0.0177997
2.62	0.0176681
2.63	0.017538
2.64	0.0174093
2.65	0.017282
2.66	0.0171561
2.67	0.0170316
2.68	0.0169084
2.69	0.0167865
2.7	0.0166659
2.71	0.0165465
2.72	0.0164285
2.73	0.0163117
2.74	0.0161961
2.75	0.0160817
2.76	0.0159686
2.77	0.0158566
2.78	0.0157458
2.79	0.0156361
2.8	0.0155275
2.81	0.0154201
2.82	0.0153138
2.83	0.0152085
2.84	0.0151043
2.85	0.0150012
2.86	0.0148991
2.87	0.0147981
2.88	0.0146981
2.89	0.014599
2.9	0.014501
2.91	0.0144039
2.92	0.0143078
2.93	0.0142127
2.94	0.0141185
2.95	0.0140252
2.96	0.0139328
2.97	0.0138414
2.98	0.0137508
2.99	0.0136611
3	0.0135722
3.01	0.0134843
3.02	0.0133971
3.03	0.0133108
3.04	0.0132254
3.05	0.0131407
3.06	0.0130569
3.07	0.0129738
3.08	0.0128915
3.09	0.01281
3.1	0.0127293
3.11	0.0126493
3.12	0.0125701
3.13	0.0124916
3.14	0.0124138
3.15	0.0123368
3.16	0.0122604
3.17	0.0121848
3.18	0.0121098
3.19	0.0120356
3.2	0.011962
3.21	0.0118891
3.22	0.0118168
3.23	0.0117452
3.24	0.0116742
3.25	0.0116039
3.26	0.0115342
3.27	0.0114651
3.28	0.0113967
3.29	0.0113288
3.3	0.0112616
3.31	0.0111949
3.32	0.0111288
3.33	0.0110634
3.34	0.0109984
3.35	0.0109341
3.36	0.0108703
3.37	0.010807
3.38	0.0107443
3.39	0.0106822
3.4	0.0106206
3.41	0.0105595
3.42	0.0104989
3.43	0.0104389
3.44	0.0103793
3.45	0.0103203
3.46	0.0102617
3.47	0.0102037
3.48	0.0101461
3.49	0.0100891
3.5	0.0100325
3.51	0.00997635
3.52	0.00992069
3.53	0.0098655
3.54	0.00981076
3.55	0.00975647
3.56	0.00970263
3.57	0.00964924
3.58	0.00959628
3.59	0.00954375
3.6	0.00949165
3.61	0.00943997
3.62	0.00938871
3.63	0.00933787
3.64	0.00928743
3.65	0.0092374
3.66	0.00918777
3.67	0.00913854
3.68	0.0090897
3.69	0.00904125
3.7	0.00899319
3.71	0.0089455
3.72	0.00889819
3.73	0.00885125
3.74	0.00880468
3.75	0.00875848
3.76	0.00871264
3.77	0.00866715
3.78	0.00862202
3.79	0.00857723
3.8	0.0085328
3.81	0.0084887
3.82	0.00844495
3.83	0.00840153
3.84	0.00835844
3.85	0.00831569
3.86	0.00827326
3.87	0.00823115
3.88	0.00818936
3.89	0.00814788
3.9	0.00810672
3.91	0.00806587
3.92	0.00802532
3.93	0.00798508
3.94	0.00794514
3.95	0.0079055
3.96	0.00786615
3.97	0.00782709
3.98	0.00778832
3.99	0.00774984
4	0.00771164
