0.01	-5.55112e-13
0.02	5.55112e-13
0.03	2.34061e-08
0.04	3.56248e-06
0.05	6.56644e-05
0.06	0.000428542
0.07	0.00156097
0.08	0.00397599
0.09	0.00801841
0.1	0.0137856
0.11	0.0211689
0.12	0.0299398
0.13	0.0398272
0.14	0.0505665
0.15	0.0619235
0.16	0.0737008
0.17	0.0857347
0.18	0.0978894
0.19	0.11005
0.2	0.122117
0.21	0.134003
0.22	0.14563
0.23	0.156927
0.24	0.167831
0.25	0.178288
0.26	0.188247
0.27	0.19767
0.28	0.206522
0.29	0.214778
0.3	0.222419
0.31	0.229433
0.32	0.235817
0.33	0.24157
0.34	0.2467
0.35	0.251218
0.36	0.255139
0.37	0.258484
0.38	0.261272
0.39	0.26353
0.4	0.265283
0.41	0.266558
0.42	0.267383
0.43	0.267787
0.44	0.267799
0.45	0.267445
0.46	0.266755
0.47	0.265754
0.48	0.26447
0.49	0.262927
0.5	0.261149
0.51	0.259159
0.52	0.256979
0.53	0.254629
0.54	0.252128
0.55	0.249494
0.56	0.246744
0.57	0.243893
0.58	0.240956
0.59	0.237946
0.6	0.234876
0.61	0.231756
0.62	0.228597
0.63	0.225409
0.64	0.2222
0.65	0.218978
0.66	0.21575
0.67	0.212523
0.68	0.209303
0.69	0.206094
0.7	0.202901
0.71	0.199729
0.72	0.196581
0.73	0.193461
0.74	0.190371
0.75	0.187314
0.76	0.184292
0.77	0.181308
0.78	0.178362
0.79	0.175457
0.8	0.172593
0.81	0.169771
0.82	0.166992
0.83	0.164257
0.84	0.161566
0.85	0.15892
0.86	0.156318
0.87	0.15376
0.88	0.151248
0.89	0.14878
0.9	0.146356
0.91	0.143976
0.92	0.14164
0.93	0.139348
0.94	0.137098
0.95	0.134891
0.96	0.132725
0.97	0.130601
0.98	0.128518
0.99	0.126475
1	0.124471
1.01	0.122507
1.02	0.120581
1.03	0.118692
1.04	0.11684
1.05	0.115025
1.06	0.113246
1.07	0.111501
1.08	0.109791
1.09	0.108114
1.1	0.10647
1.11	0.104859
1.12	0.103279
1.13	0.101731
1.14	0.100213
1.15	0.0987242
1.16	0.0972649
1.17	0.0958341
1.18	0.0944312
1.19	0.0930556
1.2	0.0917068
1.21	0.0903841
1.22	0.089087
1.23	0.0878149
1.24	0.0865673
1.25	0.0853436
1.26	0.0841433
1.27	0.082966
1.28	0.081811
1.29	0.080678
1.3	0.0795663
1.31	0.0784756
1.32	0.0774054
1.33	0.0763553
1.34	0.0753247
1.35	0.0743133
1.36	0.0733206
1.37	0.0723462
1.38	0.0713898
1.39	0.0704508
1.4	0.069529
1.41	0.068624
1.42	0.0677354
1.43	0.0668628
1.44	0.0660058
1.45	0.0651642
1.46	0.0643377
1.47	0.0635257
1.48	0.0627282
1.49	0.0619447
1.5	0.061175
1.51	0.0604187
1.52	0.0596755
1.53	0.0589453
1.54	0.0582276
1.55	0.0575223
1.56	0.056829
1.57	0.0561476
1.58	0.0554777
1.59	0.0548192
1.6	0.0541717
1.61	0.0535351
1.62	0.0529091
1.63	0.0522935
1.64	0.0516881
1.65	0.0510927
1.66	0.050507
1.67	0.0499309
1.68	0.0493642
1.69	0.0488067
1.7	0.0482581
1.71	0.0477184
1.72	0.0471873
1.73	0.0466647
1.74	0.0461503
1.75	0.0456441
1.76	0.0451458
1.77	0.0446553
1.78	0.0441725
1.79	0.0436972
1.8	0.0432292
1.81	0.0427684
1.82	0.0423147
1.83	0.0418679
1.84	0.0414279
1.85	0.0409946
1.86	0.0405678
1.87	0.0401474
1.88	0.0397333
1.89	0.0393253
1.9	0.0389234
1.91	0.0385274
1.92	0.0381373
1.93	0.0377528
1.94	0.037374
1.95	0.0370007
1.96	0.0366327
1.97	0.0362701
1.98	0.0359126
1.99	0.0355603
2	0.0352129
2.01	0.0348705
2.02	0.0345329
2.03	0.0342001
2.04	0.0338719
2.05	0.0335483
2.06	0.0332292
2.07	0.0329145
2.08	0.0326041
2.09	0.0322979
2.1	0.031996
2.11	0.0316981
2.12	0.0314043
2.13	0.0311145
2.14	0.0308285
2.15	0.0305464
2.16	0.0302681
2.17	0.0299934
2.18	0.0297224
2.19	0.0294549
2.2	0.0291909
2.21	0.0289304
2.22	0.0286733
2.23	0.0284196
2.24	0.0281691
2.25	0.0279218
2.26	0.0276777
2.27	0.0274367
2.28	0.0271988
2.29	0.0269639
2.3	0.0267319
2.31	0.0265029
2.32	0.0262768
2.33	0.0260534
2.34	0.0258329
2.35	0.0256151
2.36	0.0253999
2.37	0.0251874
2.38	0.0249776
2.39	0.0247702
2.4	0.0245654
2.41	0.0243631
2.42	0.0241632
2.43	0.0239658
2.44	0.0237707
2.45	0.0235779
2.46	0.0233874
2.47	0.0231992
2.48	0.0230132
2.49	0.0228294
2.5	0.0226477
2.51	0.0224681
2.52	0.0222907
2.53	0.0221153
2.54	0.0219419
2.55	0.0217706
2.56	0.0216012
2.57	0.0214337
2.58	0.0212681
2.59	0.0211045
2.6	0.0209426
2.61	0.0207826
2.62	0.0206244
2.63	0.020468
2.64	0.0203133
2.65	0.0201603
2.66	0.0200091
2.67	0.0198595
2.68	0.0197115
2.69	0.0195652
2.7	0.0194204
2.71	0.0192773
2.72	0.0191357
2.73	0.0189956
2.74	0.018857
2.75	0.01872
2.76	0.0185844
2.77	0.0184502
2.78	0.0183175
2.79	0.0181861
2.8	0.0180562
2.81	0.0179276
2.82	0.0178004
2.83	0.0176745
2.84	0.01755
2.85	0.0174267
2.86	0.0173047
2.87	0.0171839
2.88	0.0170644
2.89	0.0169462
2.9	0.0168291
2.91	0.0167132
2.92	0.0165985
2.93	0.016485
2.94	0.0163726
2.95	0.0162614
2.96	0.0161512
2.97	0.0160422
2.98	0.0159343
2.99	0.0158274
3	0.0157216
3.01	0.0156168
3.02	0.0155131
3.03	0.0154103
3.04	0.0153086
3.05	0.0152079
3.06	0.0151082
3.07	0.0150094
3.08	0.0149116
3.09	0.0148147
3.1	0.0147187
3.11	0.0146237
3.12	0.0145296
3.13	0.0144363
3.14	0.014344
3.15	0.0142525
3.16	0.0141619
3.17	0.0140722
3.18	0.0139833
3.19	0.0138952
3.2	0.0138079
3.21	0.0137215
3.22	0.0136358
3.23	0.013551
3.24	0.0134669
3.25	0.0133836
3.26	0.0133011
3.27	0.0132193
3.28	0.0131382
3.29	0.0130579
3.3	0.0129783
3.31	0.0128995
3.32	0.0128213
3.33	0.0127439
3.34	0.0126671
3.35	0.0125911
3.36	0.0125157
3.37	0.0124409
3.38	0.0123669
3.39	0.0122935
3.4	0.0122207
3.41	0.0121486
3.42	0.0120771
3.43	0.0120062
3.44	0.0119359
3.45	0.0118663
3.46	0.0117972
3.47	0.0117288
3.48	0.0116609
3.49	0.0115937
3.5	0.011527
3.51	0.0114608
3.52	0.0113953
3.53	0.0113302
3.54	0.0112658
3.55	0.0112019
3.56	0.0111385
3.57	0.0110756
3.58	0.0110133
3.59	0.0109515
3.6	0.0108902
3.61	0.0108294
3.62	0.0107692
3.63	0.0107094
3.64	0.0106501
3.65	0.0105913
3.66	0.010533
3.67	0.0104751
3.68	0.0104178
3.69	0.0103609
3.7	0.0103044
3.71	0.0102484
3.72	0.0101929
3.73	0.0101378
3.74	0.0100832
3.75	0.010029
3.76	0.00997519
3.77	0.00992184
3.78	0.00986892
3.79	0.00981642
3.8	0.00976433
3.81	0.00971265
3.82	0.00966138
3.83	0.00961051
3.84	0.00956004
3.85	0.00950996
3.86	0.00946027
3.87	0.00941097
3.88	0.00936205
3.89	0.0093135
3.9	0.00926533
3.91	0.00921754
3.92	0.0091701
3.93	0.00912303
3.94	0.00907632
3.95	0.00902997
3.96	0.00898396
3.97	0.00893831
3.98	0.008893
3.99	0.00884803
4	0.0088034
