0.01	1.77636e-11
0.02	9.73588e-06
0.03	0.000523729
0.04	0.00324992
0.05	0.00886583
0.06	0.0164768
0.07	0.0250626
0.08	0.0340716
0.09	0.0433312
0.1	0.0528536
0.11	0.062712
0.12	0.0729805
0.13	0.0837097
0.14	0.0949174
0.15	0.106588
0.16	0.118675
0.17	0.131106
0.18	0.143787
0.19	0.156614
0.2	0.169471
0.21	0.182244
0.22	0.19482
0.23	0.207091
0.24	0.218961
0.25	0.230341
0.26	0.241158
0.27	0.25135
0.28	0.260867
0.29	0.269672
0.3	0.27774
0.31	0.285056
0.32	0.291616
0.33	0.297422
0.34	0.302486
0.35	0.306825
0.36	0.310462
0.37	0.313424
0.38	0.31574
0.39	0.317445
0.4	0.318571
0.41	0.319155
0.42	0.319233
0.43	0.31884
0.44	0.318013
0.45	0.316786
0.46	0.315193
0.47	0.313267
0.48	0.311039
0.49	0.30854
0.5	0.305798
0.51	0.302839
0.52	0.299688
0.53	0.296369
0.54	0.292905
0.55	0.289314
0.56	0.285617
0.57	0.28183
0.58	0.27797
0.59	0.27405
0.6	0.270086
0.61	0.266088
0.62	0.262068
0.63	0.258036
0.64	0.254001
0.65	0.249972
0.66	0.245955
0.67	0.241957
0.68	0.237985
0.69	0.234043
0.7	0.230136
0.71	0.226269
0.72	0.222443
0.73	0.218664
0.74	0.214933
0.75	0.211252
0.76	0.207624
0.77	0.20405
0.78	0.200531
0.79	0.197069
0.8	0.193663
0.81	0.190316
0.82	0.187027
0.83	0.183796
0.84	0.180623
0.85	0.177509
0.86	0.174453
0.87	0.171455
0.88	0.168515
0.89	0.165631
0.9	0.162804
0.91	0.160032
0.92	0.157316
0.93	0.154654
0.94	0.152045
0.95	0.14949
0.96	0.146986
0.97	0.144533
0.98	0.142131
0.99	0.139778
1	0.137473
1.01	0.135216
1.02	0.133005
1.03	0.13084
1.04	0.12872
1.05	0.126644
1.06	0.124611
1.07	0.12262
1.08	0.120669
1.09	0.11876
1.1	0.116889
1.11	0.115057
1.12	0.113263
1.13	0.111506
1.14	0.109785
1.15	0.108099
1.16	0.106447
1.17	0.104829
1.18	0.103244
1.19	0.101691
1.2	0.10017
1.21	0.0986787
1.22	0.0972177
1.23	0.0957861
1.24	0.094383
1.25	0.0930079
1.26	0.0916601
1.27	0.0903389
1.28	0.0890437
1.29	0.087774
1.3	0.0865291
1.31	0.0853085
1.32	0.0841116
1.33	0.0829378
1.34	0.0817867
1.35	0.0806577
1.36	0.0795502
1.37	0.0784639
1.38	0.0773981
1.39	0.0763525
1.4	0.0753265
1.41	0.0743198
1.42	0.0733319
1.43	0.0723623
1.44	0.0714106
1.45	0.0704765
1.46	0.0695595
1.47	0.0686593
1.48	0.0677755
1.49	0.0669076
1.5	0.0660554
1.51	0.0652185
1.52	0.0643966
1.53	0.0635893
1.54	0.0627963
1.55	0.0620173
1.56	0.061252
1.57	0.0605
1.58	0.0597612
1.59	0.0590352
1.6	0.0583216
1.61	0.0576204
1.62	0.0569311
1.63	0.0562536
1.64	0.0555876
1.65	0.0549328
1.66	0.054289
1.67	0.053656
1.68	0.0530335
1.69	0.0524214
1.7	0.0518193
1.71	0.0512272
1.72	0.0506447
1.73	0.0500717
1.74	0.0495081
1.75	0.0489535
1.76	0.0484078
1.77	0.0478709
1.78	0.0473425
1.79	0.0468225
1.8	0.0463108
1.81	0.045807
1.82	0.0453112
1.83	0.0448231
1.84	0.0443426
1.85	0.0438695
1.86	0.0434036
1.87	0.042945
1.88	0.0424933
1.89	0.0420484
1.9	0.0416103
1.91	0.0411788
1.92	0.0407538
1.93	0.0403351
1.94	0.0399227
1.95	0.0395163
1.96	0.0391159
1.97	0.0387214
1.98	0.0383327
1.99	0.0379496
2	0.0375721
2.01	0.0372001
2.02	0.0368333
2.03	0.0364719
2.04	0.0361155
2.05	0.0357643
2.06	0.035418
2.07	0.0350765
2.08	0.0347399
2.09	0.034408
2.1	0.0340806
2.11	0.0337578
2.12	0.0334395
2.13	0.0331255
2.14	0.0328158
2.15	0.0325104
2.16	0.0322091
2.17	0.0319118
2.18	0.0316186
2.19	0.0313292
2.2	0.0310438
2.21	0.0307621
2.22	0.0304842
2.23	0.0302099
2.24	0.0299393
2.25	0.0296721
2.26	0.0294085
2.27	0.0291483
2.28	0.0288914
2.29	0.0286379
2.3	0.0283876
2.31	0.0281405
2.32	0.0278966
2.33	0.0276557
2.34	0.0274179
2.35	0.0271831
2.36	0.0269513
2.37	0.0267223
2.38	0.0264962
2.39	0.0262729
2.4	0.0260523
2.41	0.0258345
2.42	0.0256193
2.43	0.0254067
2.44	0.0251968
2.45	0.0249894
2.46	0.0247844
2.47	0.024582
2.48	0.024382
2.49	0.0241843
2.5	0.0239891
2.51	0.0237961
2.52	0.0236054
2.53	0.023417
2.54	0.0232307
2.55	0.0230467
2.56	0.0228648
2.57	0.022685
2.58	0.0225072
2.59	0.0223315
2.6	0.0221579
2.61	0.0219862
2.62	0.0218165
2.63	0.0216487
2.64	0.0214828
2.65	0.0213188
2.66	0.0211566
2.67	0.0209962
2.68	0.0208376
2.69	0.0206808
2.7	0.0205258
2.71	0.0203724
2.72	0.0202207
2.73	0.0200707
2.74	0.0199223
2.75	0.0197756
2.76	0.0196304
2.77	0.0194868
2.78	0.0193448
2.79	0.0192042
2.8	0.0190652
2.81	0.0189277
2.82	0.0187916
2.83	0.018657
2.84	0.0185238
2.85	0.018392
2.86	0.0182616
2.87	0.0181325
2.88	0.0180048
2.89	0.0178784
2.9	0.0177533
2.91	0.0176296
2.92	0.0175071
2.93	0.0173858
2.94	0.0172658
2.95	0.017147
2.96	0.0170294
2.97	0.016913
2.98	0.0167978
2.99	0.0166838
3	0.0165708
3.01	0.0164591
3.02	0.0163484
3.03	0.0162388
3.04	0.0161303
3.05	0.0160229
3.06	0.0159166
3.07	0.0158113
3.08	0.015707
3.09	0.0156037
3.1	0.0155014
3.11	0.0154002
3.12	0.0152999
3.13	0.0152006
3.14	0.0151022
3.15	0.0150048
3.16	0.0149083
3.17	0.0148127
3.18	0.014718
3.19	0.0146242
3.2	0.0145313
3.21	0.0144393
3.22	0.0143481
3.23	0.0142578
3.24	0.0141684
3.25	0.0140797
3.26	0.0139919
3.27	0.0139049
3.28	0.0138187
3.29	0.0137333
3.3	0.0136487
3.31	0.0135648
3.32	0.0134817
3.33	0.0133994
3.34	0.0133178
3.35	0.0132369
3.36	0.0131568
3.37	0.0130774
3.38	0.0129986
3.39	0.0129206
3.4	0.0128433
3.41	0.0127667
3.42	0.0126908
3.43	0.0126155
3.44	0.0125409
3.45	0.0124669
3.46	0.0123936
3.47	0.0123209
3.48	0.0122489
3.49	0.0121775
3.5	0.0121067
3.51	0.0120365
3.52	0.0119669
3.53	0.0118979
3.54	0.0118295
3.55	0.0117617
3.56	0.0116945
3.57	0.0116278
3.58	0.0115617
3.59	0.0114961
3.6	0.0114311
3.61	0.0113667
3.62	0.0113028
3.63	0.0112394
3.64	0.0111765
3.65	0.0111142
3.66	0.0110524
3.67	0.0109911
3.68	0.0109303
3.69	0.01087
3.7	0.0108102
3.71	0.0107509
3.72	0.010692
3.73	0.0106337
3.74	0.0105758
3.75	0.0105184
3.76	0.0104614
3.77	0.0104049
3.78	0.0103489
3.79	0.0102933
3.8	0.0102381
3.81	0.0101834
3.82	0.0101291
3.83	0.0100753
3.84	0.0100219
3.85	0.00996888
3.86	0.00991629
3.87	0.00986412
3.88	0.00981236
3.89	0.00976099
3.9	0.00971003
3.91	0.00965946
3.92	0.00960929
3.93	0.0095595
3.94	0.0095101
3.95	0.00946107
3.96	0.00941242
3.97	0.00936414
3.98	0.00931623
3.99	0.00926869
4	0.0092215
