0.01	7.94032e-09
0.02	0.000143974
0.03	0.00266506
0.04	0.00962086
0.05	0.0185923
0.06	0.0266864
0.07	0.0327333
0.08	0.0368663
0.09	0.0397262
0.1	0.0419865
0.11	0.044176
0.12	0.0466527
0.13	0.0496337
0.14	0.0532345
0.15	0.0575031
0.16	0.062444
0.17	0.068035
0.18	0.0742377
0.19	0.0810039
0.2	0.0882796
0.21	0.0960076
0.22	0.104129
0.23	0.112583
0.24	0.12131
0.25	0.13025
0.26	0.139346
0.27	0.148539
0.28	0.157775
0.29	0.167001
0.3	0.176167
0.31	0.185227
0.32	0.194137
0.33	0.202857
0.34	0.211351
0.35	0.219587
0.36	0.227535
0.37	0.235172
0.38	0.242476
0.39	0.249428
0.4	0.256016
0.41	0.262228
0.42	0.268055
0.43	0.273494
0.44	0.278541
0.45	0.283197
0.46	0.287464
0.47	0.291345
0.48	0.294847
0.49	0.297977
0.5	0.300744
0.51	0.303157
0.52	0.305227
0.53	0.306966
0.54	0.308385
0.55	0.309498
0.56	0.310318
0.57	0.310857
0.58	0.31113
0.59	0.311149
0.6	0.310928
0.61	0.310479
0.62	0.309817
0.63	0.308953
0.64	0.307901
0.65	0.306673
0.66	0.305279
0.67	0.303733
0.68	0.302044
0.69	0.300224
0.7	0.298283
0.71	0.29623
0.72	0.294075
0.73	0.291827
0.74	0.289494
0.75	0.287084
0.76	0.284606
0.77	0.282066
0.78	0.27947
0.79	0.276827
0.8	0.274141
0.81	0.271419
0.82	0.268666
0.83	0.265886
0.84	0.263086
0.85	0.260268
0.86	0.257437
0.87	0.254598
0.88	0.251753
0.89	0.248907
0.9	0.246061
0.91	0.24322
0.92	0.240385
0.93	0.237559
0.94	0.234744
0.95	0.231943
0.96	0.229157
0.97	0.226389
0.98	0.223639
0.99	0.220909
1	0.2182
1.01	0.215514
1.02	0.212851
1.03	0.210214
1.04	0.207601
1.05	0.205015
1.06	0.202456
1.07	0.199924
1.08	0.19742
1.09	0.194945
1.1	0.192498
1.11	0.190081
1.12	0.187692
1.13	0.185334
1.14	0.183005
1.15	0.180705
1.16	0.178436
1.17	0.176196
1.18	0.173986
1.19	0.171805
1.2	0.169655
1.21	0.167534
1.22	0.165442
1.23	0.163379
1.24	0.161346
1.25	0.159341
1.26	0.157365
1.27	0.155417
1.28	0.153497
1.29	0.151605
1.3	0.149741
1.31	0.147904
1.32	0.146094
1.33	0.14431
1.34	0.142553
1.35	0.140822
1.36	0.139117
1.37	0.137437
1.38	0.135782
1.39	0.134151
1.4	0.132546
1.41	0.130964
1.42	0.129406
1.43	0.127871
1.44	0.12636
1.45	0.124871
1.46	0.123404
1.47	0.12196
1.48	0.120537
1.49	0.119135
1.5	0.117755
1.51	0.116395
1.52	0.115056
1.53	0.113737
1.54	0.112437
1.55	0.111157
1.56	0.109896
1.57	0.108654
1.58	0.107431
1.59	0.106225
1.6	0.105038
1.61	0.103868
1.62	0.102716
1.63	0.10158
1.64	0.100462
1.65	0.0993595
1.66	0.0982735
1.67	0.0972035
1.68	0.0961492
1.69	0.0951103
1.7	0.0940865
1.71	0.0930777
1.72	0.0920835
1.73	0.0911037
1.74	0.0901381
1.75	0.0891864
1.76	0.0882484
1.77	0.0873238
1.78	0.0864125
1.79	0.0855142
1.8	0.0846287
1.81	0.0837558
1.82	0.0828953
1.83	0.0820469
1.84	0.0812104
1.85	0.0803857
1.86	0.0795726
1.87	0.0787708
1.88	0.0779803
1.89	0.0772006
1.9	0.0764318
1.91	0.0756737
1.92	0.0749259
1.93	0.0741884
1.94	0.0734611
1.95	0.0727436
1.96	0.072036
1.97	0.0713379
1.98	0.0706493
1.99	0.06997
2	0.0692998
2.01	0.0686386
2.02	0.0679862
2.03	0.0673425
2.04	0.0667074
2.05	0.0660807
2.06	0.0654623
2.07	0.064852
2.08	0.0642497
2.09	0.0636553
2.1	0.0630686
2.11	0.0624896
2.12	0.0619181
2.13	0.0613539
2.14	0.060797
2.15	0.0602473
2.16	0.0597046
2.17	0.0591688
2.18	0.0586399
2.19	0.0581176
2.2	0.0576019
2.21	0.0570928
2.22	0.05659
2.23	0.0560935
2.24	0.0556032
2.25	0.055119
2.26	0.0546408
2.27	0.0541685
2.28	0.053702
2.29	0.0532413
2.3	0.0527862
2.31	0.0523366
2.32	0.0518925
2.33	0.0514538
2.34	0.0510204
2.35	0.0505922
2.36	0.0501691
2.37	0.0497511
2.38	0.0493381
2.39	0.04893
2.4	0.0485267
2.41	0.0481282
2.42	0.0477344
2.43	0.0473452
2.44	0.0469606
2.45	0.0465804
2.46	0.0462047
2.47	0.0458333
2.48	0.0454662
2.49	0.0451033
2.5	0.0447446
2.51	0.04439
2.52	0.0440395
2.53	0.0436929
2.54	0.0433503
2.55	0.0430115
2.56	0.0426765
2.57	0.0423453
2.58	0.0420179
2.59	0.041694
2.6	0.0413738
2.61	0.0410571
2.62	0.0407439
2.63	0.0404342
2.64	0.0401279
2.65	0.0398249
2.66	0.0395252
2.67	0.0392288
2.68	0.0389356
2.69	0.0386456
2.7	0.0383587
2.71	0.0380749
2.72	0.0377941
2.73	0.0375164
2.74	0.0372415
2.75	0.0369696
2.76	0.0367006
2.77	0.0364344
2.78	0.0361711
2.79	0.0359104
2.8	0.0356526
2.81	0.0353973
2.82	0.0351448
2.83	0.0348949
2.84	0.0346475
2.85	0.0344027
2.86	0.0341604
2.87	0.0339206
2.88	0.0336832
2.89	0.0334483
2.9	0.0332157
2.91	0.0329855
2.92	0.0327576
2.93	0.032532
2.94	0.0323087
2.95	0.0320875
2.96	0.0318686
2.97	0.0316519
2.98	0.0314373
2.99	0.0312249
3	0.0310145
3.01	0.0308062
3.02	0.0305999
3.03	0.0303957
3.04	0.0301934
3.05	0.0299931
3.06	0.0297948
3.07	0.0295983
3.08	0.0294038
3.09	0.0292111
3.1	0.0290203
3.11	0.0288312
3.12	0.028644
3.13	0.0284586
3.14	0.0282749
3.15	0.0280929
3.16	0.0279127
3.17	0.0277341
3.18	0.0275572
3.19	0.027382
3.2	0.0272084
3.21	0.0270364
3.22	0.026866
3.23	0.0266971
3.24	0.0265299
3.25	0.0263641
3.26	0.0261999
3.27	0.0260372
3.28	0.0258759
3.29	0.0257161
3.3	0.0255578
3.31	0.0254008
3.32	0.0252453
3.33	0.0250912
3.34	0.0249385
3.35	0.0247871
3.36	0.0246371
3.37	0.0244884
3.38	0.024341
3.39	0.024195
3.4	0.0240502
3.41	0.0239067
3.42	0.0237644
3.43	0.0236234
3.44	0.0234836
3.45	0.023345
3.46	0.0232077
3.47	0.0230715
3.48	0.0229364
3.49	0.0228026
3.5	0.0226699
3.51	0.0225383
3.52	0.0224079
3.53	0.0222785
3.54	0.0221503
3.55	0.0220231
3.56	0.021897
3.57	0.021772
3.58	0.021648
3.59	0.0215251
3.6	0.0214032
3.61	0.0212823
3.62	0.0211624
3.63	0.0210435
3.64	0.0209256
3.65	0.0208086
3.66	0.0206926
3.67	0.0205776
3.68	0.0204635
3.69	0.0203504
3.7	0.0202381
3.71	0.0201268
3.72	0.0200164
3.73	0.0199068
3.74	0.0197982
3.75	0.0196904
3.76	0.0195835
3.77	0.0194774
3.78	0.0193722
3.79	0.0192678
3.8	0.0191643
3.81	0.0190616
3.82	0.0189596
3.83	0.0188585
3.84	0.0187582
3.85	0.0186587
3.86	0.0185599
3.87	0.018462
3.88	0.0183647
3.89	0.0182683
3.9	0.0181725
3.91	0.0180776
3.92	0.0179833
3.93	0.0178898
3.94	0.017797
3.95	0.0177049
3.96	0.0176135
3.97	0.0175228
3.98	0.0174328
3.99	0.0173435
4	0.0172548
