0.01	0
0.02	1.73607e-07
0.03	4.44606e-05
0.04	0.000606685
0.05	0.00269421
0.06	0.00703252
0.07	0.0137649
0.08	0.0226603
0.09	0.033313
0.1	0.0452617
0.11	0.0580667
0.12	0.071358
0.13	0.084857
0.14	0.0983758
0.15	0.111803
0.16	0.125081
0.17	0.138187
0.18	0.151116
0.19	0.163866
0.2	0.17643
0.21	0.188793
0.22	0.200932
0.23	0.212815
0.24	0.224403
0.25	0.235654
0.26	0.246523
0.27	0.256967
0.28	0.266945
0.29	0.276419
0.3	0.285358
0.31	0.293735
0.32	0.301528
0.33	0.308722
0.34	0.315309
0.35	0.321284
0.36	0.326648
0.37	0.331408
0.38	0.335572
0.39	0.339155
0.4	0.342173
0.41	0.344645
0.42	0.346591
0.43	0.348035
0.44	0.349
0.45	0.349511
0.46	0.349593
0.47	0.349273
0.48	0.348575
0.49	0.347524
0.5	0.346146
0.51	0.344466
0.52	0.342506
0.53	0.340289
0.54	0.337839
0.55	0.335175
0.56	0.332318
0.57	0.329287
0.58	0.326101
0.59	0.322776
0.6	0.319329
0.61	0.315775
0.62	0.312128
0.63	0.308402
0.64	0.304608
0.65	0.300759
0.66	0.296865
0.67	0.292936
0.68	0.28898
0.69	0.285008
0.7	0.281025
0.71	0.27704
0.72	0.273058
0.73	0.269086
0.74	0.265129
0.75	0.261191
0.76	0.257278
0.77	0.253392
0.78	0.249539
0.79	0.24572
0.8	0.241938
0.81	0.238197
0.82	0.234497
0.83	0.230842
0.84	0.227232
0.85	0.22367
0.86	0.220156
0.87	0.216691
0.88	0.213276
0.89	0.209912
0.9	0.206599
0.91	0.203338
0.92	0.200128
0.93	0.196971
0.94	0.193865
0.95	0.190811
0.96	0.187809
0.97	0.184858
0.98	0.181958
0.99	0.179109
1	0.17631
1.01	0.173561
1.02	0.170861
1.03	0.16821
1.04	0.165608
1.05	0.163052
1.06	0.160544
1.07	0.158081
1.08	0.155665
1.09	0.153293
1.1	0.150965
1.11	0.148681
1.12	0.146439
1.13	0.144239
1.14	0.142081
1.15	0.139963
1.16	0.137885
1.17	0.135845
1.18	0.133845
1.19	0.131881
1.2	0.129955
1.21	0.128065
1.22	0.12621
1.23	0.12439
1.24	0.122604
1.25	0.120852
1.26	0.119132
1.27	0.117445
1.28	0.115788
1.29	0.114163
1.3	0.112568
1.31	0.111002
1.32	0.109466
1.33	0.107957
1.34	0.106476
1.35	0.105023
1.36	0.103596
1.37	0.102195
1.38	0.10082
1.39	0.0994696
1.4	0.0981437
1.41	0.0968418
1.42	0.0955632
1.43	0.0943076
1.44	0.0930744
1.45	0.0918633
1.46	0.0906736
1.47	0.0895051
1.48	0.0883571
1.49	0.0872294
1.5	0.0861214
1.51	0.0850328
1.52	0.0839631
1.53	0.082912
1.54	0.0818791
1.55	0.080864
1.56	0.0798663
1.57	0.0788856
1.58	0.0779217
1.59	0.0769741
1.6	0.0760426
1.61	0.0751268
1.62	0.0742263
1.63	0.0733409
1.64	0.0724703
1.65	0.0716141
1.66	0.070772
1.67	0.0699438
1.68	0.0691292
1.69	0.068328
1.7	0.0675397
1.71	0.0667643
1.72	0.0660014
1.73	0.0652507
1.74	0.0645121
1.75	0.0637853
1.76	0.06307
1.77	0.0623661
1.78	0.0616732
1.79	0.0609913
1.8	0.06032
1.81	0.0596592
1.82	0.0590087
1.83	0.0583682
1.84	0.0577376
1.85	0.0571166
1.86	0.0565052
1.87	0.055903
1.88	0.05531
1.89	0.054726
1.9	0.0541507
1.91	0.0535841
1.92	0.0530259
1.93	0.052476
1.94	0.0519342
1.95	0.0514005
1.96	0.0508745
1.97	0.0503563
1.98	0.0498456
1.99	0.0493424
2	0.0488464
2.01	0.0483576
2.02	0.0478757
2.03	0.0474008
2.04	0.0469326
2.05	0.0464711
2.06	0.046016
2.07	0.0455674
2.08	0.0451251
2.09	0.0446889
2.1	0.0442588
2.11	0.0438347
2.12	0.0434164
2.13	0.0430039
2.14	0.042597
2.15	0.0421956
2.16	0.0417997
2.17	0.0414092
2.18	0.0410239
2.19	0.0406438
2.2	0.0402688
2.21	0.0398988
2.22	0.0395337
2.23	0.0391735
2.24	0.0388179
2.25	0.0384671
2.26	0.0381208
2.27	0.0377791
2.28	0.0374417
2.29	0.0371088
2.3	0.0367801
2.31	0.0364557
2.32	0.0361354
2.33	0.0358192
2.34	0.0355069
2.35	0.0351987
2.36	0.0348943
2.37	0.0345938
2.38	0.034297
2.39	0.0340039
2.4	0.0337144
2.41	0.0334285
2.42	0.0331462
2.43	0.0328673
2.44	0.0325918
2.45	0.0323197
2.46	0.0320509
2.47	0.0317854
2.48	0.031523
2.49	0.0312638
2.5	0.0310077
2.51	0.0307547
2.52	0.0305046
2.53	0.0302576
2.54	0.0300134
2.55	0.0297722
2.56	0.0295337
2.57	0.029298
2.58	0.0290651
2.59	0.0288349
2.6	0.0286073
2.61	0.0283824
2.62	0.0281601
2.63	0.0279403
2.64	0.0277229
2.65	0.0275081
2.66	0.0272957
2.67	0.0270857
2.68	0.0268781
2.69	0.0266728
2.7	0.0264697
2.71	0.026269
2.72	0.0260704
2.73	0.0258741
2.74	0.0256799
2.75	0.0254879
2.76	0.025298
2.77	0.0251101
2.78	0.0249243
2.79	0.0247405
2.8	0.0245586
2.81	0.0243788
2.82	0.0242008
2.83	0.0240248
2.84	0.0238507
2.85	0.0236784
2.86	0.0235079
2.87	0.0233392
2.88	0.0231723
2.89	0.0230071
2.9	0.0228437
2.91	0.022682
2.92	0.0225219
2.93	0.0223636
2.94	0.0222068
2.95	0.0220517
2.96	0.0218981
2.97	0.0217462
2.98	0.0215957
2.99	0.0214468
3	0.0212994
3.01	0.0211535
3.02	0.0210091
3.03	0.0208661
3.04	0.0207246
3.05	0.0205844
3.06	0.0204457
3.07	0.0203083
3.08	0.0201723
3.09	0.0200376
3.1	0.0199043
3.11	0.0197722
3.12	0.0196415
3.13	0.019512
3.14	0.0193838
3.15	0.0192568
3.16	0.019131
3.17	0.0190064
3.18	0.0188831
3.19	0.0187609
3.2	0.0186399
3.21	0.01852
3.22	0.0184013
3.23	0.0182837
3.24	0.0181672
3.25	0.0180518
3.26	0.0179374
3.27	0.0178242
3.28	0.017712
3.29	0.0176008
3.3	0.0174907
3.31	0.0173815
3.32	0.0172734
3.33	0.0171663
3.34	0.0170601
3.35	0.016955
3.36	0.0168507
3.37	0.0167475
3.38	0.0166451
3.39	0.0165437
3.4	0.0164432
3.41	0.0163436
3.42	0.0162449
3.43	0.016147
3.44	0.01605
3.45	0.0159539
3.46	0.0158587
3.47	0.0157643
3.48	0.0156707
3.49	0.0155779
3.5	0.0154859
3.51	0.0153948
3.52	0.0153044
3.53	0.0152148
3.54	0.015126
3.55	0.015038
3.56	0.0149507
3.57	0.0148642
3.58	0.0147784
3.59	0.0146933
3.6	0.014609
3.61	0.0145254
3.62	0.0144425
3.63	0.0143602
3.64	0.0142787
3.65	0.0141979
3.66	0.0141177
3.67	0.0140382
3.68	0.0139594
3.69	0.0138812
3.7	0.0138037
3.71	0.0137268
3.72	0.0136505
3.73	0.0135749
3.74	0.0134999
3.75	0.0134255
3.76	0.0133517
3.77	0.0132785
3.78	0.0132059
3.79	0.0131339
3.8	0.0130625
3.81	0.0129916
3.82	0.0129214
3.83	0.0128516
3.84	0.0127825
3.85	0.0127139
3.86	0.0126458
3.87	0.0125783
3.88	0.0125113
3.89	0.0124448
3.9	0.0123789
3.91	0.0123135
3.92	0.0122485
3.93	0.0121841
3.94	0.0121202
3.95	0.0120568
3.96	0.0119939
3.97	0.0119315
3.98	0.0118695
3.99	0.0118081
4	0.0117471
