0.01	1.97373e-12
0.02	1.99691e-07
0.03	5.36784e-05
0.04	0.000771694
0.05	0.00358053
0.06	0.00960535
0.07	0.0190171
0.08	0.0313075
0.09	0.045725
0.1	0.0615421
0.11	0.0781673
0.12	0.0951654
0.13	0.112238
0.14	0.129188
0.15	0.145888
0.16	0.162249
0.17	0.1782
0.18	0.193683
0.19	0.208636
0.2	0.223002
0.21	0.23672
0.22	0.249734
0.23	0.261992
0.24	0.273448
0.25	0.284065
0.26	0.293815
0.27	0.302678
0.28	0.310647
0.29	0.317723
0.3	0.323914
0.31	0.329239
0.32	0.33372
0.33	0.337389
0.34	0.340279
0.35	0.342429
0.36	0.343878
0.37	0.344671
0.38	0.34485
0.39	0.34446
0.4	0.343544
0.41	0.342145
0.42	0.340305
0.43	0.338065
0.44	0.335465
0.45	0.33254
0.46	0.329326
0.47	0.325857
0.48	0.322163
0.49	0.318275
0.5	0.314218
0.51	0.310018
0.52	0.305698
0.53	0.301279
0.54	0.296781
0.55	0.292222
0.56	0.287618
0.57	0.282983
0.58	0.278331
0.59	0.273674
0.6	0.269023
0.61	0.264386
0.62	0.259774
0.63	0.255193
0.64	0.250649
0.65	0.24615
0.66	0.2417
0.67	0.237303
0.68	0.232964
0.69	0.228685
0.7	0.22447
0.71	0.22032
0.72	0.216238
0.73	0.212225
0.74	0.208281
0.75	0.204409
0.76	0.200609
0.77	0.19688
0.78	0.193223
0.79	0.189638
0.8	0.186125
0.81	0.182683
0.82	0.179312
0.83	0.17601
0.84	0.172778
0.85	0.169615
0.86	0.166518
0.87	0.163489
0.88	0.160525
0.89	0.157625
0.9	0.154789
0.91	0.152014
0.92	0.149301
0.93	0.146647
0.94	0.144053
0.95	0.141515
0.96	0.139034
0.97	0.136608
0.98	0.134235
0.99	0.131916
1	0.129647
1.01	0.127429
1.02	0.125261
1.03	0.12314
1.04	0.121066
1.05	0.119037
1.06	0.117054
1.07	0.115114
1.08	0.113216
1.09	0.11136
1.1	0.109545
1.11	0.107769
1.12	0.106031
1.13	0.104331
1.14	0.102668
1.15	0.101041
1.16	0.0994482
1.17	0.0978896
1.18	0.0963642
1.19	0.0948712
1.2	0.0934096
1.21	0.0919789
1.22	0.0905781
1.23	0.0892066
1.24	0.0878636
1.25	0.0865484
1.26	0.0852603
1.27	0.0839987
1.28	0.082763
1.29	0.0815523
1.3	0.0803663
1.31	0.0792042
1.32	0.0780654
1.33	0.0769495
1.34	0.0758557
1.35	0.0747837
1.36	0.0737329
1.37	0.0727027
1.38	0.0716927
1.39	0.0707023
1.4	0.0697312
1.41	0.0687788
1.42	0.0678447
1.43	0.0669285
1.44	0.0660297
1.45	0.0651479
1.46	0.0642828
1.47	0.0634339
1.48	0.0626008
1.49	0.0617833
1.5	0.0609809
1.51	0.0601933
1.52	0.0594201
1.53	0.058661
1.54	0.0579157
1.55	0.0571839
1.56	0.0564652
1.57	0.0557594
1.58	0.0550662
1.59	0.0543853
1.6	0.0537164
1.61	0.0530593
1.62	0.0524136
1.63	0.0517792
1.64	0.0511558
1.65	0.0505432
1.66	0.049941
1.67	0.0493491
1.68	0.0487673
1.69	0.0481954
1.7	0.0476331
1.71	0.0470802
1.72	0.0465365
1.73	0.0460019
1.74	0.0454761
1.75	0.0449589
1.76	0.0444503
1.77	0.0439499
1.78	0.0434576
1.79	0.0429733
1.8	0.0424968
1.81	0.0420279
1.82	0.0415665
1.83	0.0411124
1.84	0.0406655
1.85	0.0402256
1.86	0.0397926
1.87	0.0393664
1.88	0.0389467
1.89	0.0385336
1.9	0.0381267
1.91	0.0377261
1.92	0.0373317
1.93	0.0369432
1.94	0.0365605
1.95	0.0361836
1.96	0.0358124
1.97	0.0354467
1.98	0.0350864
1.99	0.0347314
2	0.0343817
2.01	0.0340371
2.02	0.0336975
2.03	0.0333628
2.04	0.033033
2.05	0.0327079
2.06	0.0323875
2.07	0.0320717
2.08	0.0317603
2.09	0.0314534
2.1	0.0311507
2.11	0.0308524
2.12	0.0305582
2.13	0.030268
2.14	0.0299819
2.15	0.0296998
2.16	0.0294215
2.17	0.0291471
2.18	0.0288764
2.19	0.0286093
2.2	0.0283459
2.21	0.028086
2.22	0.0278296
2.23	0.0275766
2.24	0.027327
2.25	0.0270807
2.26	0.0268376
2.27	0.0265978
2.28	0.026361
2.29	0.0261274
2.3	0.0258968
2.31	0.0256692
2.32	0.0254445
2.33	0.0252226
2.34	0.0250037
2.35	0.0247875
2.36	0.024574
2.37	0.0243633
2.38	0.0241552
2.39	0.0239497
2.4	0.0237468
2.41	0.0235464
2.42	0.0233484
2.43	0.023153
2.44	0.0229599
2.45	0.0227692
2.46	0.0225808
2.47	0.0223947
2.48	0.0222109
2.49	0.0220292
2.5	0.0218498
2.51	0.0216725
2.52	0.0214973
2.53	0.0213242
2.54	0.0211532
2.55	0.0209842
2.56	0.0208171
2.57	0.0206521
2.58	0.0204889
2.59	0.0203276
2.6	0.0201683
2.61	0.0200107
2.62	0.019855
2.63	0.019701
2.64	0.0195488
2.65	0.0193984
2.66	0.0192496
2.67	0.0191025
2.68	0.0189571
2.69	0.0188133
2.7	0.0186711
2.71	0.0185305
2.72	0.0183915
2.73	0.018254
2.74	0.018118
2.75	0.0179835
2.76	0.0178505
2.77	0.017719
2.78	0.0175888
2.79	0.0174601
2.8	0.0173328
2.81	0.0172068
2.82	0.0170822
2.83	0.0169589
2.84	0.016837
2.85	0.0167163
2.86	0.0165969
2.87	0.0164788
2.88	0.0163619
2.89	0.0162462
2.9	0.0161317
2.91	0.0160185
2.92	0.0159064
2.93	0.0157954
2.94	0.0156856
2.95	0.015577
2.96	0.0154694
2.97	0.015363
2.98	0.0152576
2.99	0.0151533
3	0.0150501
3.01	0.0149478
3.02	0.0148467
3.03	0.0147465
3.04	0.0146473
3.05	0.0145491
3.06	0.0144519
3.07	0.0143557
3.08	0.0142604
3.09	0.014166
3.1	0.0140726
3.11	0.01398
3.12	0.0138884
3.13	0.0137977
3.14	0.0137078
3.15	0.0136188
3.16	0.0135307
3.17	0.0134434
3.18	0.0133569
3.19	0.0132713
3.2	0.0131865
3.21	0.0131024
3.22	0.0130192
3.23	0.0129368
3.24	0.0128551
3.25	0.0127742
3.26	0.012694
3.27	0.0126146
3.28	0.0125359
3.29	0.012458
3.3	0.0123808
3.31	0.0123043
3.32	0.0122284
3.33	0.0121533
3.34	0.0120789
3.35	0.0120051
3.36	0.011932
3.37	0.0118596
3.38	0.0117878
3.39	0.0117166
3.4	0.0116461
3.41	0.0115763
3.42	0.011507
3.43	0.0114384
3.44	0.0113703
3.45	0.0113029
3.46	0.0112361
3.47	0.0111698
3.48	0.0111041
3.49	0.011039
3.5	0.0109745
3.51	0.0109105
3.52	0.0108471
3.53	0.0107842
3.54	0.0107219
3.55	0.0106601
3.56	0.0105988
3.57	0.0105381
3.58	0.0104779
3.59	0.0104181
3.6	0.0103589
3.61	0.0103002
3.62	0.010242
3.63	0.0101843
3.64	0.010127
3.65	0.0100702
3.66	0.0100139
3.67	0.00995812
3.68	0.00990275
3.69	0.00984784
3.7	0.00979338
3.71	0.00973937
3.72	0.0096858
3.73	0.00963267
3.74	0.00957997
3.75	0.0095277
3.76	0.00947585
3.77	0.00942442
3.78	0.00937341
3.79	0.00932281
3.8	0.00927261
3.81	0.00922282
3.82	0.00917342
3.83	0.00912441
3.84	0.0090758
3.85	0.00902757
3.86	0.00897972
3.87	0.00893225
3.88	0.00888515
3.89	0.00883842
3.9	0.00879205
3.91	0.00874605
3.92	0.0087004
3.93	0.00865511
3.94	0.00861017
3.95	0.00856558
3.96	0.00852133
3.97	0.00847741
3.98	0.00843384
3.99	0.0083906
4	0.00834769
