0.01	9.92451e-09
0.02	0.000258679
0.03	0.00553439
0.04	0.0220471
0.05	0.0459239
0.06	0.0697866
0.07	0.0893467
0.08	0.103872
0.09	0.114518
0.1	0.122914
0.11	0.130465
0.12	0.138139
0.13	0.146493
0.14	0.155771
0.15	0.166003
0.16	0.177085
0.17	0.18884
0.18	0.201057
0.19	0.21352
0.2	0.22602
0.21	0.238367
0.22	0.250394
0.23	0.261959
0.24	0.272946
0.25	0.283261
0.26	0.292835
0.27	0.301615
0.28	0.309569
0.29	0.316679
0.3	0.322941
0.31	0.328361
0.32	0.332955
0.33	0.336748
0.34	0.33977
0.35	0.342055
0.36	0.343641
0.37	0.344569
0.38	0.344881
0.39	0.34462
0.4	0.343828
0.41	0.342549
0.42	0.340823
0.43	0.338691
0.44	0.336193
0.45	0.333364
0.46	0.33024
0.47	0.326855
0.48	0.323239
0.49	0.319422
0.5	0.315431
0.51	0.311292
0.52	0.307027
0.53	0.302659
0.54	0.298206
0.55	0.293688
0.56	0.28912
0.57	0.284518
0.58	0.279894
0.59	0.275262
0.6	0.270632
0.61	0.266013
0.62	0.261416
0.63	0.256847
0.64	0.252313
0.65	0.247821
0.66	0.243376
0.67	0.238982
0.68	0.234644
0.69	0.230365
0.7	0.226147
0.71	0.221993
0.72	0.217906
0.73	0.213886
0.74	0.209935
0.75	0.206054
0.76	0.202244
0.77	0.198505
0.78	0.194837
0.79	0.19124
0.8	0.187714
0.81	0.184259
0.82	0.180874
0.83	0.177558
0.84	0.174312
0.85	0.171134
0.86	0.168022
0.87	0.164977
0.88	0.161998
0.89	0.159083
0.9	0.15623
0.91	0.15344
0.92	0.150711
0.93	0.148042
0.94	0.145431
0.95	0.142877
0.96	0.14038
0.97	0.137938
0.98	0.13555
0.99	0.133214
1	0.13093
1.01	0.128697
1.02	0.126512
1.03	0.124376
1.04	0.122287
1.05	0.120243
1.06	0.118244
1.07	0.11629
1.08	0.114377
1.09	0.112507
1.1	0.110677
1.11	0.108887
1.12	0.107135
1.13	0.105421
1.14	0.103744
1.15	0.102103
1.16	0.100497
1.17	0.0989256
1.18	0.0973872
1.19	0.0958812
1.2	0.094407
1.21	0.0929637
1.22	0.0915506
1.23	0.0901669
1.24	0.0888119
1.25	0.0874848
1.26	0.0861851
1.27	0.084912
1.28	0.0836649
1.29	0.0824431
1.3	0.081246
1.31	0.0800731
1.32	0.0789236
1.33	0.0777971
1.34	0.0766931
1.35	0.0756108
1.36	0.0745499
1.37	0.0735098
1.38	0.0724901
1.39	0.0714901
1.4	0.0705095
1.41	0.0695478
1.42	0.0686045
1.43	0.0676792
1.44	0.0667716
1.45	0.065881
1.46	0.0650073
1.47	0.0641499
1.48	0.0633085
1.49	0.0624827
1.5	0.0616722
1.51	0.0608766
1.52	0.0600955
1.53	0.0593287
1.54	0.0585757
1.55	0.0578364
1.56	0.0571103
1.57	0.0563973
1.58	0.0556969
1.59	0.0550089
1.6	0.054333
1.61	0.053669
1.62	0.0530166
1.63	0.0523756
1.64	0.0517456
1.65	0.0511265
1.66	0.050518
1.67	0.0499198
1.68	0.0493318
1.69	0.0487538
1.7	0.0481855
1.71	0.0476267
1.72	0.0470772
1.73	0.0465368
1.74	0.0460054
1.75	0.0454827
1.76	0.0449685
1.77	0.0444627
1.78	0.0439652
1.79	0.0434756
1.8	0.0429939
1.81	0.0425199
1.82	0.0420535
1.83	0.0415944
1.84	0.0411426
1.85	0.0406979
1.86	0.0402602
1.87	0.0398292
1.88	0.039405
1.89	0.0389872
1.9	0.0385759
1.91	0.0381709
1.92	0.037772
1.93	0.0373792
1.94	0.0369923
1.95	0.0366113
1.96	0.0362359
1.97	0.0358661
1.98	0.0355018
1.99	0.0351429
2	0.0347892
2.01	0.0344407
2.02	0.0340973
2.03	0.0337589
2.04	0.0334254
2.05	0.0330967
2.06	0.0327726
2.07	0.0324532
2.08	0.0321384
2.09	0.0318279
2.1	0.0315219
2.11	0.0312201
2.12	0.0309226
2.13	0.0306292
2.14	0.0303398
2.15	0.0300545
2.16	0.0297731
2.17	0.0294955
2.18	0.0292217
2.19	0.0289516
2.2	0.0286851
2.21	0.0284223
2.22	0.0281629
2.23	0.027907
2.24	0.0276546
2.25	0.0274054
2.26	0.0271596
2.27	0.026917
2.28	0.0266775
2.29	0.0264412
2.3	0.0262079
2.31	0.0259777
2.32	0.0257504
2.33	0.025526
2.34	0.0253045
2.35	0.0250858
2.36	0.0248699
2.37	0.0246567
2.38	0.0244462
2.39	0.0242383
2.4	0.024033
2.41	0.0238303
2.42	0.0236301
2.43	0.0234323
2.44	0.023237
2.45	0.0230441
2.46	0.0228535
2.47	0.0226652
2.48	0.0224793
2.49	0.0222955
2.5	0.022114
2.51	0.0219346
2.52	0.0217574
2.53	0.0215823
2.54	0.0214092
2.55	0.0212382
2.56	0.0210692
2.57	0.0209022
2.58	0.0207372
2.59	0.020574
2.6	0.0204127
2.61	0.0202534
2.62	0.0200958
2.63	0.01994
2.64	0.019786
2.65	0.0196338
2.66	0.0194833
2.67	0.0193345
2.68	0.0191874
2.69	0.0190419
2.7	0.018898
2.71	0.0187558
2.72	0.0186151
2.73	0.018476
2.74	0.0183384
2.75	0.0182023
2.76	0.0180677
2.77	0.0179346
2.78	0.0178029
2.79	0.0176727
2.8	0.0175438
2.81	0.0174164
2.82	0.0172903
2.83	0.0171655
2.84	0.0170421
2.85	0.01692
2.86	0.0167992
2.87	0.0166797
2.88	0.0165614
2.89	0.0164443
2.9	0.0163285
2.91	0.0162139
2.92	0.0161005
2.93	0.0159882
2.94	0.0158771
2.95	0.0157672
2.96	0.0156583
2.97	0.0155506
2.98	0.015444
2.99	0.0153384
3	0.0152339
3.01	0.0151305
3.02	0.0150281
3.03	0.0149268
3.04	0.0148264
3.05	0.014727
3.06	0.0146287
3.07	0.0145313
3.08	0.0144348
3.09	0.0143393
3.1	0.0142448
3.11	0.0141511
3.12	0.0140584
3.13	0.0139666
3.14	0.0138757
3.15	0.0137856
3.16	0.0136964
3.17	0.0136081
3.18	0.0135206
3.19	0.0134339
3.2	0.013348
3.21	0.013263
3.22	0.0131788
3.23	0.0130954
3.24	0.0130127
3.25	0.0129308
3.26	0.0128497
3.27	0.0127693
3.28	0.0126897
3.29	0.0126108
3.3	0.0125327
3.31	0.0124552
3.32	0.0123785
3.33	0.0123025
3.34	0.0122271
3.35	0.0121525
3.36	0.0120785
3.37	0.0120052
3.38	0.0119325
3.39	0.0118605
3.4	0.0117892
3.41	0.0117185
3.42	0.0116484
3.43	0.0115789
3.44	0.0115101
3.45	0.0114418
3.46	0.0113742
3.47	0.0113071
3.48	0.0112406
3.49	0.0111748
3.5	0.0111094
3.51	0.0110447
3.52	0.0109805
3.53	0.0109169
3.54	0.0108538
3.55	0.0107912
3.56	0.0107292
3.57	0.0106677
3.58	0.0106068
3.59	0.0105463
3.6	0.0104864
3.61	0.010427
3.62	0.0103681
3.63	0.0103096
3.64	0.0102517
3.65	0.0101942
3.66	0.0101373
3.67	0.0100807
3.68	0.0100247
3.69	0.00996913
3.7	0.00991401
3.71	0.00985934
3.72	0.00980512
3.73	0.00975134
3.74	0.00969801
3.75	0.0096451
3.76	0.00959262
3.77	0.00954057
3.78	0.00948894
3.79	0.00943772
3.8	0.00938692
3.81	0.00933652
3.82	0.00928652
3.83	0.00923692
3.84	0.00918771
3.85	0.00913889
3.86	0.00909046
3.87	0.00904241
3.88	0.00899474
3.89	0.00894744
3.9	0.00890051
3.91	0.00885395
3.92	0.00880774
3.93	0.0087619
3.94	0.00871641
3.95	0.00867128
3.96	0.00862649
3.97	0.00858204
3.98	0.00853794
3.99	0.00849417
4	0.00845073
