0.01	2.60135e-08
0.02	0.000225334
0.03	0.00328593
0.04	0.0108715
0.05	0.0210965
0.06	0.0323886
0.07	0.044192
0.08	0.0564218
0.09	0.0691392
0.1	0.0824236
0.11	0.0963156
0.12	0.110793
0.13	0.125765
0.14	0.141082
0.15	0.156556
0.16	0.171975
0.17	0.187125
0.18	0.201803
0.19	0.21583
0.2	0.229052
0.21	0.24135
0.22	0.252633
0.23	0.262844
0.24	0.271951
0.25	0.279946
0.26	0.286841
0.27	0.292667
0.28	0.297464
0.29	0.301284
0.3	0.304186
0.31	0.30623
0.32	0.307483
0.33	0.308009
0.34	0.307873
0.35	0.307138
0.36	0.305864
0.37	0.304108
0.38	0.301925
0.39	0.299366
0.4	0.296477
0.41	0.293302
0.42	0.289881
0.43	0.28625
0.44	0.282443
0.45	0.27849
0.46	0.274417
0.47	0.27025
0.48	0.26601
0.49	0.261717
0.5	0.257388
0.51	0.253039
0.52	0.248684
0.53	0.244334
0.54	0.24
0.55	0.235692
0.56	0.231417
0.57	0.227182
0.58	0.222994
0.59	0.218858
0.6	0.214777
0.61	0.210755
0.62	0.206797
0.63	0.202902
0.64	0.199075
0.65	0.195316
0.66	0.191626
0.67	0.188007
0.68	0.184458
0.69	0.18098
0.7	0.177573
0.71	0.174236
0.72	0.170969
0.73	0.167772
0.74	0.164644
0.75	0.161584
0.76	0.158591
0.77	0.155664
0.78	0.152803
0.79	0.150006
0.8	0.147271
0.81	0.144598
0.82	0.141986
0.83	0.139433
0.84	0.136939
0.85	0.134501
0.86	0.132118
0.87	0.12979
0.88	0.127516
0.89	0.125293
0.9	0.12312
0.91	0.120997
0.92	0.118923
0.93	0.116895
0.94	0.114914
0.95	0.112977
0.96	0.111084
0.97	0.109233
0.98	0.107424
0.99	0.105655
1	0.103926
1.01	0.102236
1.02	0.100582
1.03	0.0989654
1.04	0.0973841
1.05	0.0958375
1.06	0.0943246
1.07	0.0928445
1.08	0.0913965
1.09	0.0899798
1.1	0.0885934
1.11	0.0872366
1.12	0.0859088
1.13	0.084609
1.14	0.0833367
1.15	0.082091
1.16	0.0808715
1.17	0.0796772
1.18	0.0785077
1.19	0.0773623
1.2	0.0762404
1.21	0.0751414
1.22	0.0740647
1.23	0.0730098
1.24	0.0719761
1.25	0.0709631
1.26	0.0699703
1.27	0.0689972
1.28	0.0680433
1.29	0.0671081
1.3	0.0661911
1.31	0.065292
1.32	0.0644103
1.33	0.0635455
1.34	0.0626973
1.35	0.0618653
1.36	0.061049
1.37	0.0602481
1.38	0.0594623
1.39	0.0586911
1.4	0.0579343
1.41	0.0571915
1.42	0.0564623
1.43	0.0557465
1.44	0.0550437
1.45	0.0543536
1.46	0.053676
1.47	0.0530106
1.48	0.052357
1.49	0.0517151
1.5	0.0510844
1.51	0.0504649
1.52	0.0498563
1.53	0.0492582
1.54	0.0486705
1.55	0.0480929
1.56	0.0475253
1.57	0.0469673
1.58	0.0464189
1.59	0.0458797
1.6	0.0453496
1.61	0.0448283
1.62	0.0443158
1.63	0.0438117
1.64	0.043316
1.65	0.0428284
1.66	0.0423488
1.67	0.041877
1.68	0.0414128
1.69	0.0409562
1.7	0.0405068
1.71	0.0400646
1.72	0.0396295
1.73	0.0392012
1.74	0.0387797
1.75	0.0383648
1.76	0.0379563
1.77	0.0375542
1.78	0.0371583
1.79	0.0367685
1.8	0.0363847
1.81	0.0360067
1.82	0.0356345
1.83	0.0352678
1.84	0.0349067
1.85	0.034551
1.86	0.0342006
1.87	0.0338554
1.88	0.0335153
1.89	0.0331802
1.9	0.0328499
1.91	0.0325245
1.92	0.0322039
1.93	0.0318878
1.94	0.0315763
1.95	0.0312693
1.96	0.0309666
1.97	0.0306682
1.98	0.0303741
1.99	0.030084
2	0.0297981
2.01	0.0295161
2.02	0.0292381
2.03	0.0289639
2.04	0.0286934
2.05	0.0284267
2.06	0.0281636
2.07	0.0279041
2.08	0.0276481
2.09	0.0273956
2.1	0.0271464
2.11	0.0269006
2.12	0.0266581
2.13	0.0264187
2.14	0.0261826
2.15	0.0259495
2.16	0.0257195
2.17	0.0254925
2.18	0.0252684
2.19	0.0250472
2.2	0.0248289
2.21	0.0246134
2.22	0.0244007
2.23	0.0241906
2.24	0.0239832
2.25	0.0237785
2.26	0.0235763
2.27	0.0233766
2.28	0.0231795
2.29	0.0229848
2.3	0.0227925
2.31	0.0226025
2.32	0.022415
2.33	0.0222297
2.34	0.0220466
2.35	0.0218658
2.36	0.0216872
2.37	0.0215107
2.38	0.0213364
2.39	0.0211641
2.4	0.0209939
2.41	0.0208257
2.42	0.0206595
2.43	0.0204953
2.44	0.020333
2.45	0.0201726
2.46	0.020014
2.47	0.0198573
2.48	0.0197024
2.49	0.0195493
2.5	0.019398
2.51	0.0192484
2.52	0.0191005
2.53	0.0189543
2.54	0.0188097
2.55	0.0186667
2.56	0.0185254
2.57	0.0183857
2.58	0.0182475
2.59	0.0181108
2.6	0.0179757
2.61	0.017842
2.62	0.0177099
2.63	0.0175791
2.64	0.0174498
2.65	0.0173219
2.66	0.0171954
2.67	0.0170703
2.68	0.0169465
2.69	0.0168241
2.7	0.0167029
2.71	0.016583
2.72	0.0164645
2.73	0.0163471
2.74	0.0162311
2.75	0.0161162
2.76	0.0160025
2.77	0.0158901
2.78	0.0157787
2.79	0.0156686
2.8	0.0155596
2.81	0.0154517
2.82	0.0153449
2.83	0.0152393
2.84	0.0151347
2.85	0.0150311
2.86	0.0149286
2.87	0.0148272
2.88	0.0147267
2.89	0.0146273
2.9	0.0145289
2.91	0.0144315
2.92	0.014335
2.93	0.0142395
2.94	0.0141449
2.95	0.0140513
2.96	0.0139585
2.97	0.0138667
2.98	0.0137758
2.99	0.0136858
3	0.0135966
3.01	0.0135083
3.02	0.0134209
3.03	0.0133343
3.04	0.0132485
3.05	0.0131635
3.06	0.0130794
3.07	0.0129961
3.08	0.0129135
3.09	0.0128317
3.1	0.0127507
3.11	0.0126704
3.12	0.0125909
3.13	0.0125122
3.14	0.0124342
3.15	0.0123568
3.16	0.0122803
3.17	0.0122044
3.18	0.0121292
3.19	0.0120547
3.2	0.0119808
3.21	0.0119077
3.22	0.0118352
3.23	0.0117634
3.24	0.0116922
3.25	0.0116216
3.26	0.0115517
3.27	0.0114825
3.28	0.0114138
3.29	0.0113457
3.3	0.0112783
3.31	0.0112114
3.32	0.0111451
3.33	0.0110795
3.34	0.0110143
3.35	0.0109498
3.36	0.0108858
3.37	0.0108224
3.38	0.0107595
3.39	0.0106972
3.4	0.0106354
3.41	0.0105741
3.42	0.0105134
3.43	0.0104532
3.44	0.0103935
3.45	0.0103343
3.46	0.0102756
3.47	0.0102174
3.48	0.0101597
3.49	0.0101024
3.5	0.0100457
3.51	0.00998941
3.52	0.00993361
3.53	0.00987827
3.54	0.00982339
3.55	0.00976896
3.56	0.00971498
3.57	0.00966145
3.58	0.00960835
3.59	0.00955569
3.6	0.00950346
3.61	0.00945165
3.62	0.00940026
3.63	0.00934929
3.64	0.00929873
3.65	0.00924858
3.66	0.00919883
3.67	0.00914948
3.68	0.00910052
3.69	0.00905196
3.7	0.00900378
3.71	0.00895598
3.72	0.00890856
3.73	0.00886151
3.74	0.00881483
3.75	0.00876852
3.76	0.00872257
3.77	0.00867698
3.78	0.00863174
3.79	0.00858686
3.8	0.00854232
3.81	0.00849813
3.82	0.00845428
3.83	0.00841076
3.84	0.00836758
3.85	0.00832473
3.86	0.0082822
3.87	0.00824
3.88	0.00819812
3.89	0.00815656
3.9	0.00811531
3.91	0.00807437
3.92	0.00803374
3.93	0.00799341
3.94	0.00795339
3.95	0.00791366
3.96	0.00787423
3.97	0.00783509
3.98	0.00779624
3.99	0.00775768
4	0.00771941
