0.01	1.06581e-11
0.02	6.25964e-06
0.03	0.000651396
0.04	0.00559935
0.05	0.0183139
0.06	0.0374145
0.07	0.0588033
0.08	0.0788859
0.09	0.0957902
0.1	0.109166
0.11	0.119557
0.12	0.127849
0.13	0.13493
0.14	0.141533
0.15	0.148187
0.16	0.155229
0.17	0.16284
0.18	0.171084
0.19	0.17994
0.2	0.189332
0.21	0.199156
0.22	0.209287
0.23	0.219598
0.24	0.229965
0.25	0.240271
0.26	0.250409
0.27	0.260286
0.28	0.269819
0.29	0.278941
0.3	0.287595
0.31	0.295736
0.32	0.303329
0.33	0.310349
0.34	0.31678
0.35	0.322611
0.36	0.327841
0.37	0.332473
0.38	0.336514
0.39	0.339978
0.4	0.34288
0.41	0.345239
0.42	0.347076
0.43	0.348412
0.44	0.349273
0.45	0.349683
0.46	0.349667
0.47	0.349252
0.48	0.348463
0.49	0.347324
0.5	0.345863
0.51	0.344101
0.52	0.342065
0.53	0.339775
0.54	0.337256
0.55	0.334526
0.56	0.331608
0.57	0.328519
0.58	0.325278
0.59	0.321902
0.6	0.318407
0.61	0.314809
0.62	0.311121
0.63	0.307356
0.64	0.303527
0.65	0.299646
0.66	0.295722
0.67	0.291765
0.68	0.287786
0.69	0.283791
0.7	0.279788
0.71	0.275785
0.72	0.271788
0.73	0.267802
0.74	0.263832
0.75	0.259884
0.76	0.255962
0.77	0.25207
0.78	0.24821
0.79	0.244387
0.8	0.240602
0.81	0.236859
0.82	0.233159
0.83	0.229504
0.84	0.225895
0.85	0.222335
0.86	0.218823
0.87	0.215362
0.88	0.211951
0.89	0.208592
0.9	0.205285
0.91	0.20203
0.92	0.198827
0.93	0.195676
0.94	0.192578
0.95	0.189532
0.96	0.186538
0.97	0.183596
0.98	0.180705
0.99	0.177865
1	0.175076
1.01	0.172337
1.02	0.169647
1.03	0.167006
1.04	0.164413
1.05	0.161868
1.06	0.15937
1.07	0.156918
1.08	0.154512
1.09	0.152151
1.1	0.149834
1.11	0.14756
1.12	0.145329
1.13	0.14314
1.14	0.140993
1.15	0.138886
1.16	0.136818
1.17	0.13479
1.18	0.132799
1.19	0.130847
1.2	0.128931
1.21	0.127052
1.22	0.125207
1.23	0.123398
1.24	0.121622
1.25	0.11988
1.26	0.118171
1.27	0.116493
1.28	0.114847
1.29	0.113232
1.3	0.111647
1.31	0.110091
1.32	0.108564
1.33	0.107065
1.34	0.105594
1.35	0.10415
1.36	0.102732
1.37	0.101341
1.38	0.0999745
1.39	0.0986331
1.4	0.0973162
1.41	0.096023
1.42	0.0947532
1.43	0.0935063
1.44	0.0922817
1.45	0.091079
1.46	0.0898977
1.47	0.0887374
1.48	0.0875976
1.49	0.0864779
1.5	0.0853779
1.51	0.0842971
1.52	0.0832352
1.53	0.0821918
1.54	0.0811665
1.55	0.0801588
1.56	0.0791685
1.57	0.0781952
1.58	0.0772384
1.59	0.076298
1.6	0.0753735
1.61	0.0744646
1.62	0.073571
1.63	0.0726923
1.64	0.0718283
1.65	0.0709787
1.66	0.0701432
1.67	0.0693214
1.68	0.0685132
1.69	0.0677181
1.7	0.0669361
1.71	0.0661667
1.72	0.0654098
1.73	0.0646651
1.74	0.0639324
1.75	0.0632113
1.76	0.0625018
1.77	0.0618035
1.78	0.0611162
1.79	0.0604397
1.8	0.0597739
1.81	0.0591184
1.82	0.0584732
1.83	0.0578379
1.84	0.0572124
1.85	0.0565966
1.86	0.0559901
1.87	0.055393
1.88	0.0548048
1.89	0.0542256
1.9	0.0536551
1.91	0.0530932
1.92	0.0525396
1.93	0.0519943
1.94	0.0514571
1.95	0.0509278
1.96	0.0504063
1.97	0.0498924
1.98	0.049386
1.99	0.048887
2	0.0483952
2.01	0.0479105
2.02	0.0474328
2.03	0.0469619
2.04	0.0464977
2.05	0.0460401
2.06	0.045589
2.07	0.0451442
2.08	0.0447056
2.09	0.0442732
2.1	0.0438468
2.11	0.0434263
2.12	0.0430117
2.13	0.0426027
2.14	0.0421993
2.15	0.0418014
2.16	0.041409
2.17	0.0410219
2.18	0.0406399
2.19	0.0402632
2.2	0.0398914
2.21	0.0395247
2.22	0.0391628
2.23	0.0388057
2.24	0.0384533
2.25	0.0381055
2.26	0.0377623
2.27	0.0374235
2.28	0.0370892
2.29	0.0367592
2.3	0.0364334
2.31	0.0361118
2.32	0.0357944
2.33	0.035481
2.34	0.0351715
2.35	0.034866
2.36	0.0345644
2.37	0.0342665
2.38	0.0339723
2.39	0.0336819
2.4	0.033395
2.41	0.0331117
2.42	0.0328319
2.43	0.0325555
2.44	0.0322825
2.45	0.0320128
2.46	0.0317464
2.47	0.0314833
2.48	0.0312233
2.49	0.0309664
2.5	0.0307126
2.51	0.0304619
2.52	0.0302141
2.53	0.0299693
2.54	0.0297273
2.55	0.0294882
2.56	0.029252
2.57	0.0290184
2.58	0.0287876
2.59	0.0285595
2.6	0.028334
2.61	0.0281111
2.62	0.0278908
2.63	0.027673
2.64	0.0274577
2.65	0.0272448
2.66	0.0270344
2.67	0.0268263
2.68	0.0266206
2.69	0.0264171
2.7	0.026216
2.71	0.026017
2.72	0.0258203
2.73	0.0256258
2.74	0.0254334
2.75	0.0252431
2.76	0.025055
2.77	0.0248688
2.78	0.0246847
2.79	0.0245026
2.8	0.0243225
2.81	0.0241443
2.82	0.023968
2.83	0.0237936
2.84	0.023621
2.85	0.0234503
2.86	0.0232814
2.87	0.0231143
2.88	0.0229489
2.89	0.0227853
2.9	0.0226234
2.91	0.0224632
2.92	0.0223046
2.93	0.0221477
2.94	0.0219924
2.95	0.0218387
2.96	0.0216866
2.97	0.0215361
2.98	0.021387
2.99	0.0212395
3	0.0210935
3.01	0.020949
3.02	0.0208059
3.03	0.0206643
3.04	0.020524
3.05	0.0203852
3.06	0.0202478
3.07	0.0201117
3.08	0.0199769
3.09	0.0198435
3.1	0.0197114
3.11	0.0195806
3.12	0.0194511
3.13	0.0193228
3.14	0.0191958
3.15	0.01907
3.16	0.0189454
3.17	0.018822
3.18	0.0186998
3.19	0.0185788
3.2	0.0184589
3.21	0.0183402
3.22	0.0182226
3.23	0.0181061
3.24	0.0179907
3.25	0.0178763
3.26	0.0177631
3.27	0.0176509
3.28	0.0175397
3.29	0.0174296
3.3	0.0173205
3.31	0.0172124
3.32	0.0171053
3.33	0.0169992
3.34	0.0168941
3.35	0.0167899
3.36	0.0166867
3.37	0.0165844
3.38	0.016483
3.39	0.0163825
3.4	0.016283
3.41	0.0161843
3.42	0.0160865
3.43	0.0159896
3.44	0.0158936
3.45	0.0157984
3.46	0.015704
3.47	0.0156105
3.48	0.0155178
3.49	0.0154259
3.5	0.0153348
3.51	0.0152445
3.52	0.015155
3.53	0.0150663
3.54	0.0149784
3.55	0.0148912
3.56	0.0148047
3.57	0.014719
3.58	0.014634
3.59	0.0145498
3.6	0.0144662
3.61	0.0143834
3.62	0.0143013
3.63	0.0142199
3.64	0.0141391
3.65	0.0140591
3.66	0.0139797
3.67	0.0139009
3.68	0.0138228
3.69	0.0137454
3.7	0.0136686
3.71	0.0135925
3.72	0.0135169
3.73	0.013442
3.74	0.0133678
3.75	0.0132941
3.76	0.013221
3.77	0.0131485
3.78	0.0130766
3.79	0.0130053
3.8	0.0129345
3.81	0.0128644
3.82	0.0127948
3.83	0.0127257
3.84	0.0126572
3.85	0.0125893
3.86	0.0125218
3.87	0.012455
3.88	0.0123886
3.89	0.0123228
3.9	0.0122575
3.91	0.0121927
3.92	0.0121284
3.93	0.0120646
3.94	0.0120013
3.95	0.0119385
3.96	0.0118762
3.97	0.0118144
3.98	0.011753
3.99	0.0116922
4	0.0116317
