0.01	-nan(ind)
0.02	0.00656947
0.03	0.0205303
0.04	0.0294673
0.05	0.0327505
0.06	0.0339571
0.07	0.035458
0.08	0.0381083
0.09	0.0419649
0.1	0.0467999
0.11	0.0523458
0.12	0.058385
0.13	0.0647688
0.14	0.071408
0.15	0.0782565
0.16	0.0852954
0.17	0.0925206
0.18	0.0999346
0.19	0.10754
0.2	0.115338
0.21	0.123323
0.22	0.131487
0.23	0.139815
0.24	0.148288
0.25	0.156882
0.26	0.16557
0.27	0.174323
0.28	0.183108
0.29	0.191894
0.3	0.200647
0.31	0.209334
0.32	0.217923
0.33	0.226383
0.34	0.234686
0.35	0.242802
0.36	0.250708
0.37	0.258381
0.38	0.265798
0.39	0.272943
0.4	0.2798
0.41	0.286354
0.42	0.292595
0.43	0.298514
0.44	0.304103
0.45	0.309359
0.46	0.314278
0.47	0.318859
0.48	0.323103
0.49	0.327011
0.5	0.330587
0.51	0.333835
0.52	0.33676
0.53	0.339371
0.54	0.341672
0.55	0.343673
0.56	0.345383
0.57	0.346809
0.58	0.347963
0.59	0.348853
0.6	0.34949
0.61	0.349883
0.62	0.350044
0.63	0.349983
0.64	0.349709
0.65	0.349234
0.66	0.348567
0.67	0.347719
0.68	0.3467
0.69	0.345518
0.7	0.344184
0.71	0.342707
0.72	0.341096
0.73	0.339359
0.74	0.337505
0.75	0.335542
0.76	0.333477
0.77	0.331319
0.78	0.329075
0.79	0.326751
0.8	0.324355
0.81	0.321892
0.82	0.319368
0.83	0.31679
0.84	0.314163
0.85	0.311491
0.86	0.308781
0.87	0.306036
0.88	0.303261
0.89	0.300461
0.9	0.297639
0.91	0.294799
0.92	0.291944
0.93	0.289079
0.94	0.286205
0.95	0.283326
0.96	0.280445
0.97	0.277564
0.98	0.274686
0.99	0.271812
1	0.268945
1.01	0.266088
1.02	0.263241
1.03	0.260406
1.04	0.257585
1.05	0.25478
1.06	0.251991
1.07	0.24922
1.08	0.246468
1.09	0.243736
1.1	0.241024
1.11	0.238335
1.12	0.235668
1.13	0.233024
1.14	0.230405
1.15	0.227809
1.16	0.225239
1.17	0.222693
1.18	0.220174
1.19	0.21768
1.2	0.215213
1.21	0.212772
1.22	0.210358
1.23	0.207971
1.24	0.205611
1.25	0.203278
1.26	0.200972
1.27	0.198694
1.28	0.196442
1.29	0.194218
1.3	0.19202
1.31	0.18985
1.32	0.187706
1.33	0.18559
1.34	0.1835
1.35	0.181436
1.36	0.179399
1.37	0.177387
1.38	0.175402
1.39	0.173443
1.4	0.171509
1.41	0.1696
1.42	0.167717
1.43	0.165858
1.44	0.164024
1.45	0.162214
1.46	0.160429
1.47	0.158667
1.48	0.156929
1.49	0.155214
1.5	0.153522
1.51	0.151853
1.52	0.150207
1.53	0.148582
1.54	0.14698
1.55	0.145399
1.56	0.14384
1.57	0.142302
1.58	0.140785
1.59	0.139288
1.6	0.137812
1.61	0.136356
1.62	0.134919
1.63	0.133502
1.64	0.132104
1.65	0.130725
1.66	0.129365
1.67	0.128023
1.68	0.126699
1.69	0.125394
1.7	0.124105
1.71	0.122835
1.72	0.121581
1.73	0.120344
1.74	0.119124
1.75	0.11792
1.76	0.116733
1.77	0.115561
1.78	0.114405
1.79	0.113264
1.8	0.112139
1.81	0.111028
1.82	0.109933
1.83	0.108851
1.84	0.107785
1.85	0.106732
1.86	0.105693
1.87	0.104668
1.88	0.103656
1.89	0.102657
1.9	0.101672
1.91	0.100699
1.92	0.0997395
1.93	0.0987921
1.94	0.097857
1.95	0.0969339
1.96	0.0960228
1.97	0.0951234
1.98	0.0942355
1.99	0.093359
2	0.0924938
2.01	0.0916395
2.02	0.0907962
2.03	0.0899635
2.04	0.0891414
2.05	0.0883296
2.06	0.0875281
2.07	0.0867367
2.08	0.0859552
2.09	0.0851834
2.1	0.0844213
2.11	0.0836686
2.12	0.0829253
2.13	0.0821911
2.14	0.0814661
2.15	0.0807499
2.16	0.0800425
2.17	0.0793438
2.18	0.0786536
2.19	0.0779718
2.2	0.0772983
2.21	0.0766329
2.22	0.0759756
2.23	0.0753262
2.24	0.0746845
2.25	0.0740506
2.26	0.0734242
2.27	0.0728052
2.28	0.0721937
2.29	0.0715893
2.3	0.0709921
2.31	0.0704019
2.32	0.0698186
2.33	0.0692422
2.34	0.0686725
2.35	0.0681094
2.36	0.0675528
2.37	0.0670027
2.38	0.0664589
2.39	0.0659214
2.4	0.0653901
2.41	0.0648648
2.42	0.0643455
2.43	0.0638321
2.44	0.0633246
2.45	0.0628227
2.46	0.0623266
2.47	0.061836
2.48	0.0613509
2.49	0.0608712
2.5	0.0603969
2.51	0.0599278
2.52	0.0594639
2.53	0.0590052
2.54	0.0585515
2.55	0.0581028
2.56	0.057659
2.57	0.0572201
2.58	0.0567859
2.59	0.0563564
2.6	0.0559316
2.61	0.0555114
2.62	0.0550957
2.63	0.0546845
2.64	0.0542776
2.65	0.0538751
2.66	0.0534769
2.67	0.0530829
2.68	0.0526931
2.69	0.0523074
2.7	0.0519257
2.71	0.0515481
2.72	0.0511744
2.73	0.0508046
2.74	0.0504386
2.75	0.0500764
2.76	0.049718
2.77	0.0493633
2.78	0.0490122
2.79	0.0486647
2.8	0.0483208
2.81	0.0479803
2.82	0.0476433
2.83	0.0473098
2.84	0.0469796
2.85	0.0466527
2.86	0.0463291
2.87	0.0460088
2.88	0.0456917
2.89	0.0453777
2.9	0.0450668
2.91	0.0447591
2.92	0.0444543
2.93	0.0441526
2.94	0.0438538
2.95	0.043558
2.96	0.043265
2.97	0.0429749
2.98	0.0426876
2.99	0.0424031
3	0.0421213
3.01	0.0418423
3.02	0.0415659
3.03	0.0412922
3.04	0.0410211
3.05	0.0407526
3.06	0.0404866
3.07	0.0402232
3.08	0.0399622
3.09	0.0397037
3.1	0.0394477
3.11	0.039194
3.12	0.0389427
3.13	0.0386938
3.14	0.0384471
3.15	0.0382028
3.16	0.0379607
3.17	0.0377208
3.18	0.0374831
3.19	0.0372476
3.2	0.0370143
3.21	0.0367831
3.22	0.036554
3.23	0.036327
3.24	0.036102
3.25	0.0358791
3.26	0.0356582
3.27	0.0354392
3.28	0.0352223
3.29	0.0350072
3.3	0.0347941
3.31	0.0345828
3.32	0.0343735
3.33	0.0341659
3.34	0.0339603
3.35	0.0337564
3.36	0.0335543
3.37	0.0333539
3.38	0.0331554
3.39	0.0329585
3.4	0.0327634
3.41	0.0325699
3.42	0.0323781
3.43	0.032188
3.44	0.0319995
3.45	0.0318126
3.46	0.0316273
3.47	0.0314435
3.48	0.0312614
3.49	0.0310808
3.5	0.0309017
3.51	0.0307241
3.52	0.030548
3.53	0.0303734
3.54	0.0302003
3.55	0.0300286
3.56	0.0298583
3.57	0.0296894
3.58	0.029522
3.59	0.0293559
3.6	0.0291912
3.61	0.0290278
3.62	0.0288658
3.63	0.0287051
3.64	0.0285458
3.65	0.0283877
3.66	0.0282309
3.67	0.0280754
3.68	0.0279211
3.69	0.0277681
3.7	0.0276163
3.71	0.0274657
3.72	0.0273163
3.73	0.0271681
3.74	0.0270211
3.75	0.0268753
3.76	0.0267306
3.77	0.0265871
3.78	0.0264447
3.79	0.0263034
3.8	0.0261632
3.81	0.0260241
3.82	0.0258862
3.83	0.0257492
3.84	0.0256134
3.85	0.0254786
3.86	0.0253448
3.87	0.0252121
3.88	0.0250804
3.89	0.0249497
3.9	0.02482
3.91	0.0246913
3.92	0.0245636
3.93	0.0244369
3.94	0.0243111
3.95	0.0241862
3.96	0.0240624
3.97	0.0239394
3.98	0.0238174
3.99	0.0236963
4	0.0235761
