0.01	0
0.02	3.60822e-12
0.03	1.0463e-07
0.04	1.42721e-05
0.05	0.000246313
0.06	0.00153808
0.07	0.00542407
0.08	0.0134607
0.09	0.026524
0.1	0.0445767
0.11	0.0668366
0.12	0.0920987
0.13	0.119038
0.14	0.146423
0.15	0.173236
0.16	0.198716
0.17	0.222355
0.18	0.243869
0.19	0.263145
0.2	0.280207
0.21	0.295161
0.22	0.308171
0.23	0.319425
0.24	0.329116
0.25	0.337434
0.26	0.34455
0.27	0.350616
0.28	0.355764
0.29	0.360105
0.3	0.363731
0.31	0.366717
0.32	0.369124
0.33	0.371001
0.34	0.372388
0.35	0.373318
0.36	0.373819
0.37	0.373913
0.38	0.373622
0.39	0.372964
0.4	0.371959
0.41	0.370622
0.42	0.368971
0.43	0.367023
0.44	0.364795
0.45	0.362305
0.46	0.35957
0.47	0.356606
0.48	0.353432
0.49	0.350065
0.5	0.346521
0.51	0.342817
0.52	0.338969
0.53	0.334993
0.54	0.330904
0.55	0.326717
0.56	0.322445
0.57	0.318102
0.58	0.3137
0.59	0.309251
0.6	0.304765
0.61	0.300255
0.62	0.295728
0.63	0.291193
0.64	0.28666
0.65	0.282135
0.66	0.277626
0.67	0.273138
0.68	0.268677
0.69	0.26425
0.7	0.259859
0.71	0.25551
0.72	0.251206
0.73	0.246951
0.74	0.242747
0.75	0.238596
0.76	0.234502
0.77	0.230466
0.78	0.226489
0.79	0.222572
0.8	0.218717
0.81	0.214925
0.82	0.211196
0.83	0.207531
0.84	0.20393
0.85	0.200392
0.86	0.196918
0.87	0.193508
0.88	0.190161
0.89	0.186878
0.9	0.183657
0.91	0.180498
0.92	0.1774
0.93	0.174363
0.94	0.171386
0.95	0.168468
0.96	0.165609
0.97	0.162807
0.98	0.160061
0.99	0.157371
1	0.154736
1.01	0.152154
1.02	0.149626
1.03	0.147149
1.04	0.144723
1.05	0.142347
1.06	0.14002
1.07	0.137741
1.08	0.135508
1.09	0.133322
1.1	0.131181
1.11	0.129084
1.12	0.12703
1.13	0.125018
1.14	0.123047
1.15	0.121117
1.16	0.119227
1.17	0.117375
1.18	0.115561
1.19	0.113783
1.2	0.112042
1.21	0.110337
1.22	0.108665
1.23	0.107028
1.24	0.105423
1.25	0.10385
1.26	0.102309
1.27	0.100799
1.28	0.099319
1.29	0.097868
1.3	0.0964458
1.31	0.0950516
1.32	0.0936847
1.33	0.0923446
1.34	0.0910306
1.35	0.0897421
1.36	0.0884785
1.37	0.0872393
1.38	0.0860239
1.39	0.0848318
1.4	0.0836624
1.41	0.0825152
1.42	0.0813897
1.43	0.0802854
1.44	0.0792018
1.45	0.0781385
1.46	0.077095
1.47	0.0760708
1.48	0.0750655
1.49	0.0740788
1.5	0.0731101
1.51	0.072159
1.52	0.0712253
1.53	0.0703084
1.54	0.0694081
1.55	0.0685239
1.56	0.0676554
1.57	0.0668025
1.58	0.0659646
1.59	0.0651415
1.6	0.0643329
1.61	0.0635384
1.62	0.0627577
1.63	0.0619906
1.64	0.0612367
1.65	0.0604958
1.66	0.0597675
1.67	0.0590516
1.68	0.0583479
1.69	0.0576561
1.7	0.0569759
1.71	0.0563071
1.72	0.0556494
1.73	0.0550027
1.74	0.0543666
1.75	0.053741
1.76	0.0531257
1.77	0.0525204
1.78	0.0519249
1.79	0.0513391
1.8	0.0507627
1.81	0.0501955
1.82	0.0496374
1.83	0.0490882
1.84	0.0485477
1.85	0.0480157
1.86	0.047492
1.87	0.0469765
1.88	0.046469
1.89	0.0459694
1.9	0.0454775
1.91	0.0449932
1.92	0.0445162
1.93	0.0440466
1.94	0.043584
1.95	0.0431285
1.96	0.0426797
1.97	0.0422378
1.98	0.0418024
1.99	0.0413734
2	0.0409508
2.01	0.0405345
2.02	0.0401242
2.03	0.0397199
2.04	0.0393215
2.05	0.0389289
2.06	0.038542
2.07	0.0381606
2.08	0.0377846
2.09	0.037414
2.1	0.0370487
2.11	0.0366885
2.12	0.0363334
2.13	0.0359833
2.14	0.0356381
2.15	0.0352976
2.16	0.0349619
2.17	0.0346308
2.18	0.0343042
2.19	0.0339822
2.2	0.0336645
2.21	0.0333511
2.22	0.0330419
2.23	0.032737
2.24	0.0324361
2.25	0.0321392
2.26	0.0318463
2.27	0.0315572
2.28	0.031272
2.29	0.0309905
2.3	0.0307127
2.31	0.0304386
2.32	0.030168
2.33	0.0299009
2.34	0.0296372
2.35	0.0293769
2.36	0.02912
2.37	0.0288663
2.38	0.0286159
2.39	0.0283686
2.4	0.0281245
2.41	0.0278834
2.42	0.0276453
2.43	0.0274102
2.44	0.027178
2.45	0.0269487
2.46	0.0267222
2.47	0.0264985
2.48	0.0262775
2.49	0.0260592
2.5	0.0258436
2.51	0.0256306
2.52	0.0254201
2.53	0.0252122
2.54	0.0250068
2.55	0.0248038
2.56	0.0246032
2.57	0.024405
2.58	0.0242091
2.59	0.0240156
2.6	0.0238243
2.61	0.0236352
2.62	0.0234484
2.63	0.0232637
2.64	0.0230811
2.65	0.0229006
2.66	0.0227222
2.67	0.0225458
2.68	0.0223715
2.69	0.0221991
2.7	0.0220287
2.71	0.0218602
2.72	0.0216935
2.73	0.0215288
2.74	0.0213659
2.75	0.0212047
2.76	0.0210454
2.77	0.0208879
2.78	0.020732
2.79	0.0205779
2.8	0.0204254
2.81	0.0202747
2.82	0.0201255
2.83	0.019978
2.84	0.019832
2.85	0.0196876
2.86	0.0195448
2.87	0.0194035
2.88	0.0192637
2.89	0.0191253
2.9	0.0189885
2.91	0.0188531
2.92	0.0187191
2.93	0.0185864
2.94	0.0184552
2.95	0.0183254
2.96	0.0181969
2.97	0.0180697
2.98	0.0179438
2.99	0.0178192
3	0.0176959
3.01	0.0175738
3.02	0.017453
3.03	0.0173334
3.04	0.017215
3.05	0.0170979
3.06	0.0169818
3.07	0.016867
3.08	0.0167533
3.09	0.0166407
3.1	0.0165292
3.11	0.0164189
3.12	0.0163096
3.13	0.0162014
3.14	0.0160942
3.15	0.0159881
3.16	0.0158831
3.17	0.015779
3.18	0.015676
3.19	0.0155739
3.2	0.0154728
3.21	0.0153727
3.22	0.0152736
3.23	0.0151754
3.24	0.0150781
3.25	0.0149817
3.26	0.0148863
3.27	0.0147918
3.28	0.0146981
3.29	0.0146053
3.3	0.0145134
3.31	0.0144223
3.32	0.0143321
3.33	0.0142427
3.34	0.0141542
3.35	0.0140664
3.36	0.0139795
3.37	0.0138933
3.38	0.013808
3.39	0.0137234
3.4	0.0136395
3.41	0.0135565
3.42	0.0134742
3.43	0.0133926
3.44	0.0133117
3.45	0.0132316
3.46	0.0131522
3.47	0.0130735
3.48	0.0129955
3.49	0.0129181
3.5	0.0128415
3.51	0.0127655
3.52	0.0126902
3.53	0.0126156
3.54	0.0125416
3.55	0.0124682
3.56	0.0123955
3.57	0.0123234
3.58	0.0122519
3.59	0.0121811
3.6	0.0121108
3.61	0.0120412
3.62	0.0119721
3.63	0.0119036
3.64	0.0118357
3.65	0.0117684
3.66	0.0117017
3.67	0.0116355
3.68	0.0115698
3.69	0.0115047
3.7	0.0114402
3.71	0.0113762
3.72	0.0113127
3.73	0.0112498
3.74	0.0111873
3.75	0.0111254
3.76	0.011064
3.77	0.0110031
3.78	0.0109427
3.79	0.0108827
3.8	0.0108233
3.81	0.0107643
3.82	0.0107059
3.83	0.0106478
3.84	0.0105903
3.85	0.0105332
3.86	0.0104766
3.87	0.0104204
3.88	0.0103647
3.89	0.0103094
3.9	0.0102546
3.91	0.0102001
3.92	0.0101462
3.93	0.0100926
3.94	0.0100394
3.95	0.00998671
3.96	0.00993439
3.97	0.00988248
3.98	0.00983097
3.99	0.00977986
4	0.00972914
