0.01	-1.63971e-11
0.02	7.62112e-08
0.03	2.53149e-05
0.04	0.000401662
0.05	0.00197034
0.06	0.00547578
0.07	0.0111045
0.08	0.0185936
0.09	0.0274889
0.1	0.0373217
0.11	0.0476935
0.12	0.0583048
0.13	0.0689544
0.14	0.0795264
0.15	0.0899699
0.16	0.100279
0.17	0.110476
0.18	0.120592
0.19	0.130663
0.2	0.140717
0.21	0.150771
0.22	0.160832
0.23	0.170895
0.24	0.180945
0.25	0.190956
0.26	0.200898
0.27	0.210737
0.28	0.220434
0.29	0.229951
0.3	0.239249
0.31	0.248292
0.32	0.257045
0.33	0.265477
0.34	0.273561
0.35	0.281271
0.36	0.288589
0.37	0.295496
0.38	0.30198
0.39	0.308032
0.4	0.313646
0.41	0.318818
0.42	0.32355
0.43	0.327843
0.44	0.331702
0.45	0.335135
0.46	0.33815
0.47	0.340757
0.48	0.342969
0.49	0.344798
0.5	0.346258
0.51	0.347362
0.52	0.348127
0.53	0.348568
0.54	0.348699
0.55	0.348537
0.56	0.348098
0.57	0.347397
0.58	0.346449
0.59	0.34527
0.6	0.343875
0.61	0.342278
0.62	0.340492
0.63	0.338533
0.64	0.336412
0.65	0.334143
0.66	0.331738
0.67	0.329207
0.68	0.326564
0.69	0.323817
0.7	0.320977
0.71	0.318054
0.72	0.315057
0.73	0.311994
0.74	0.308873
0.75	0.305702
0.76	0.302488
0.77	0.299238
0.78	0.295957
0.79	0.292653
0.8	0.28933
0.81	0.285993
0.82	0.282647
0.83	0.279297
0.84	0.275947
0.85	0.2726
0.86	0.26926
0.87	0.26593
0.88	0.262613
0.89	0.259312
0.9	0.25603
0.91	0.252768
0.92	0.249529
0.93	0.246314
0.94	0.243126
0.95	0.239966
0.96	0.236834
0.97	0.233733
0.98	0.230664
0.99	0.227627
1	0.224624
1.01	0.221654
1.02	0.218719
1.03	0.21582
1.04	0.212956
1.05	0.210128
1.06	0.207336
1.07	0.204581
1.08	0.201863
1.09	0.199181
1.1	0.196536
1.11	0.193928
1.12	0.191357
1.13	0.188823
1.14	0.186324
1.15	0.183863
1.16	0.181437
1.17	0.179047
1.18	0.176693
1.19	0.174374
1.2	0.172091
1.21	0.169842
1.22	0.167627
1.23	0.165446
1.24	0.163299
1.25	0.161185
1.26	0.159104
1.27	0.157055
1.28	0.155039
1.29	0.153054
1.3	0.1511
1.31	0.149177
1.32	0.147284
1.33	0.145421
1.34	0.143587
1.35	0.141783
1.36	0.140007
1.37	0.138259
1.38	0.136539
1.39	0.134846
1.4	0.13318
1.41	0.13154
1.42	0.129927
1.43	0.128339
1.44	0.126776
1.45	0.125237
1.46	0.123723
1.47	0.122233
1.48	0.120767
1.49	0.119323
1.5	0.117902
1.51	0.116504
1.52	0.115127
1.53	0.113772
1.54	0.112438
1.55	0.111125
1.56	0.109832
1.57	0.10856
1.58	0.107307
1.59	0.106074
1.6	0.104859
1.61	0.103663
1.62	0.102486
1.63	0.101327
1.64	0.100185
1.65	0.0990612
1.66	0.0979542
1.67	0.0968641
1.68	0.0957904
1.69	0.094733
1.7	0.0936914
1.71	0.0926656
1.72	0.0916551
1.73	0.0906597
1.74	0.0896791
1.75	0.0887131
1.76	0.0877615
1.77	0.0868238
1.78	0.0859
1.79	0.0849898
1.8	0.0840929
1.81	0.0832091
1.82	0.0823381
1.83	0.0814798
1.84	0.0806339
1.85	0.0798002
1.86	0.0789785
1.87	0.0781685
1.88	0.0773702
1.89	0.0765832
1.9	0.0758074
1.91	0.0750425
1.92	0.0742885
1.93	0.073545
1.94	0.072812
1.95	0.0720892
1.96	0.0713764
1.97	0.0706736
1.98	0.0699805
1.99	0.0692969
2	0.0686228
2.01	0.0679578
2.02	0.067302
2.03	0.0666551
2.04	0.0660169
2.05	0.0653874
2.06	0.0647663
2.07	0.0641536
2.08	0.0635491
2.09	0.0629527
2.1	0.0623642
2.11	0.0617835
2.12	0.0612104
2.13	0.0606449
2.14	0.0600868
2.15	0.059536
2.16	0.0589924
2.17	0.0584559
2.18	0.0579262
2.19	0.0574035
2.2	0.0568874
2.21	0.056378
2.22	0.055875
2.23	0.0553785
2.24	0.0548882
2.25	0.0544042
2.26	0.0539262
2.27	0.0534543
2.28	0.0529882
2.29	0.052528
2.3	0.0520735
2.31	0.0516246
2.32	0.0511813
2.33	0.0507434
2.34	0.0503109
2.35	0.0498837
2.36	0.0494616
2.37	0.0490448
2.38	0.0486329
2.39	0.048226
2.4	0.047824
2.41	0.0474269
2.42	0.0470345
2.43	0.0466467
2.44	0.0462635
2.45	0.0458849
2.46	0.0455108
2.47	0.045141
2.48	0.0447756
2.49	0.0444144
2.5	0.0440574
2.51	0.0437046
2.52	0.0433558
2.53	0.0430111
2.54	0.0426703
2.55	0.0423335
2.56	0.0420004
2.57	0.0416712
2.58	0.0413457
2.59	0.0410238
2.6	0.0407056
2.61	0.040391
2.62	0.0400798
2.63	0.0397722
2.64	0.039468
2.65	0.0391671
2.66	0.0388696
2.67	0.0385753
2.68	0.0382843
2.69	0.0379964
2.7	0.0377117
2.71	0.0374301
2.72	0.0371515
2.73	0.036876
2.74	0.0366034
2.75	0.0363337
2.76	0.036067
2.77	0.035803
2.78	0.0355419
2.79	0.0352836
2.8	0.035028
2.81	0.034775
2.82	0.0345248
2.83	0.0342771
2.84	0.034032
2.85	0.0337895
2.86	0.0335495
2.87	0.033312
2.88	0.0330769
2.89	0.0328443
2.9	0.032614
2.91	0.0323861
2.92	0.0321605
2.93	0.0319372
2.94	0.0317162
2.95	0.0314974
2.96	0.0312808
2.97	0.0310663
2.98	0.0308541
2.99	0.0306439
3	0.0304358
3.01	0.0302298
3.02	0.0300258
3.03	0.0298238
3.04	0.0296239
3.05	0.0294258
3.06	0.0292297
3.07	0.0290356
3.08	0.0288433
3.09	0.0286528
3.1	0.0284642
3.11	0.0282775
3.12	0.0280925
3.13	0.0279093
3.14	0.0277278
3.15	0.027548
3.16	0.02737
3.17	0.0271937
3.18	0.027019
3.19	0.0268459
3.2	0.0266745
3.21	0.0265047
3.22	0.0263365
3.23	0.0261698
3.24	0.0260047
3.25	0.0258411
3.26	0.025679
3.27	0.0255184
3.28	0.0253593
3.29	0.0252016
3.3	0.0250454
3.31	0.0248906
3.32	0.0247372
3.33	0.0245851
3.34	0.0244345
3.35	0.0242852
3.36	0.0241372
3.37	0.0239906
3.38	0.0238453
3.39	0.0237013
3.4	0.0235585
3.41	0.023417
3.42	0.0232768
3.43	0.0231378
3.44	0.023
3.45	0.0228634
3.46	0.022728
3.47	0.0225938
3.48	0.0224608
3.49	0.0223289
3.5	0.0221981
3.51	0.0220685
3.52	0.02194
3.53	0.0218125
3.54	0.0216862
3.55	0.021561
3.56	0.0214368
3.57	0.0213136
3.58	0.0211915
3.59	0.0210705
3.6	0.0209504
3.61	0.0208314
3.62	0.0207133
3.63	0.0205963
3.64	0.0204802
3.65	0.0203651
3.66	0.0202509
3.67	0.0201377
3.68	0.0200254
3.69	0.019914
3.7	0.0198036
3.71	0.019694
3.72	0.0195853
3.73	0.0194776
3.74	0.0193707
3.75	0.0192646
3.76	0.0191594
3.77	0.0190551
3.78	0.0189516
3.79	0.0188489
3.8	0.0187471
3.81	0.018646
3.82	0.0185458
3.83	0.0184464
3.84	0.0183477
3.85	0.0182498
3.86	0.0181527
3.87	0.0180564
3.88	0.0179608
3.89	0.0178659
3.9	0.0177718
3.91	0.0176785
3.92	0.0175858
3.93	0.0174939
3.94	0.0174027
3.95	0.0173121
3.96	0.0172223
3.97	0.0171332
3.98	0.0170447
3.99	0.0169569
4	0.0168698
