0.01	3.57832e-08
0.02	0.000607529
0.03	0.0110038
0.04	0.0392949
0.05	0.0755028
0.06	0.108187
0.07	0.132972
0.08	0.150543
0.09	0.16337
0.1	0.17385
0.11	0.183668
0.12	0.193754
0.13	0.20446
0.14	0.215769
0.15	0.227462
0.16	0.239236
0.17	0.25078
0.18	0.261813
0.19	0.272108
0.2	0.281494
0.21	0.289855
0.22	0.297124
0.23	0.303273
0.24	0.308308
0.25	0.31226
0.26	0.315177
0.27	0.317122
0.28	0.318162
0.29	0.318373
0.3	0.31783
0.31	0.316607
0.32	0.314778
0.33	0.312412
0.34	0.309576
0.35	0.30633
0.36	0.302731
0.37	0.298833
0.38	0.294681
0.39	0.29032
0.4	0.285789
0.41	0.281122
0.42	0.276351
0.43	0.271504
0.44	0.266604
0.45	0.261674
0.46	0.256733
0.47	0.251797
0.48	0.246881
0.49	0.241997
0.5	0.237156
0.51	0.232367
0.52	0.227638
0.53	0.222976
0.54	0.218385
0.55	0.213871
0.56	0.209436
0.57	0.205084
0.58	0.200817
0.59	0.196636
0.6	0.192542
0.61	0.188537
0.62	0.184619
0.63	0.18079
0.64	0.177048
0.65	0.173394
0.66	0.169825
0.67	0.166342
0.68	0.162942
0.69	0.159625
0.7	0.15639
0.71	0.153234
0.72	0.150156
0.73	0.147154
0.74	0.144228
0.75	0.141374
0.76	0.138593
0.77	0.13588
0.78	0.133236
0.79	0.130659
0.8	0.128146
0.81	0.125696
0.82	0.123307
0.83	0.120978
0.84	0.118707
0.85	0.116493
0.86	0.114334
0.87	0.112228
0.88	0.110174
0.89	0.108171
0.9	0.106217
0.91	0.104311
0.92	0.102452
0.93	0.100637
0.94	0.0988666
0.95	0.0971387
0.96	0.0954521
0.97	0.0938059
0.98	0.0921987
0.99	0.0906296
1	0.0890975
1.01	0.0876012
1.02	0.0861399
1.03	0.0847124
1.04	0.083318
1.05	0.0819556
1.06	0.0806243
1.07	0.0793233
1.08	0.0780518
1.09	0.0768089
1.1	0.0755938
1.11	0.0744058
1.12	0.0732442
1.13	0.0721081
1.14	0.0709969
1.15	0.06991
1.16	0.0688466
1.17	0.0678062
1.18	0.0667881
1.19	0.0657917
1.2	0.0648165
1.21	0.0638618
1.22	0.0629272
1.23	0.0620121
1.24	0.061116
1.25	0.0602384
1.26	0.0593788
1.27	0.0585368
1.28	0.0577119
1.29	0.0569036
1.3	0.0561116
1.31	0.0553354
1.32	0.0545746
1.33	0.0538289
1.34	0.0530978
1.35	0.052381
1.36	0.0516781
1.37	0.0509889
1.38	0.0503129
1.39	0.0496498
1.4	0.0489993
1.41	0.0483612
1.42	0.047735
1.43	0.0471206
1.44	0.0465176
1.45	0.0459258
1.46	0.0453449
1.47	0.0447747
1.48	0.0442148
1.49	0.0436651
1.5	0.0431253
1.51	0.0425952
1.52	0.0420745
1.53	0.0415631
1.54	0.0410607
1.55	0.0405672
1.56	0.0400823
1.57	0.0396058
1.58	0.0391376
1.59	0.0386774
1.6	0.0382251
1.61	0.0377805
1.62	0.0373434
1.63	0.0369138
1.64	0.0364913
1.65	0.0360759
1.66	0.0356674
1.67	0.0352656
1.68	0.0348705
1.69	0.0344818
1.7	0.0340994
1.71	0.0337233
1.72	0.0333532
1.73	0.0329891
1.74	0.0326307
1.75	0.0322781
1.76	0.0319311
1.77	0.0315895
1.78	0.0312532
1.79	0.0309222
1.8	0.0305964
1.81	0.0302755
1.82	0.0299597
1.83	0.0296486
1.84	0.0293423
1.85	0.0290406
1.86	0.0287435
1.87	0.0284508
1.88	0.0281625
1.89	0.0278785
1.9	0.0275987
1.91	0.027323
1.92	0.0270514
1.93	0.0267837
1.94	0.02652
1.95	0.02626
1.96	0.0260038
1.97	0.0257513
1.98	0.0255024
1.99	0.025257
2	0.0250151
2.01	0.0247766
2.02	0.0245414
2.03	0.0243096
2.04	0.0240809
2.05	0.0238555
2.06	0.0236331
2.07	0.0234138
2.08	0.0231975
2.09	0.0229841
2.1	0.0227736
2.11	0.022566
2.12	0.0223612
2.13	0.0221591
2.14	0.0219597
2.15	0.0217629
2.16	0.0215687
2.17	0.0213771
2.18	0.0211881
2.19	0.0210014
2.2	0.0208172
2.21	0.0206354
2.22	0.020456
2.23	0.0202788
2.24	0.0201039
2.25	0.0199312
2.26	0.0197607
2.27	0.0195924
2.28	0.0194262
2.29	0.0192621
2.3	0.0191
2.31	0.0189399
2.32	0.0187819
2.33	0.0186257
2.34	0.0184715
2.35	0.0183192
2.36	0.0181687
2.37	0.0180201
2.38	0.0178733
2.39	0.0177282
2.4	0.0175849
2.41	0.0174433
2.42	0.0173033
2.43	0.0171651
2.44	0.0170285
2.45	0.0168934
2.46	0.01676
2.47	0.0166281
2.48	0.0164978
2.49	0.016369
2.5	0.0162416
2.51	0.0161158
2.52	0.0159913
2.53	0.0158683
2.54	0.0157467
2.55	0.0156265
2.56	0.0155077
2.57	0.0153901
2.58	0.0152739
2.59	0.015159
2.6	0.0150454
2.61	0.0149331
2.62	0.014822
2.63	0.0147121
2.64	0.0146034
2.65	0.0144959
2.66	0.0143896
2.67	0.0142844
2.68	0.0141804
2.69	0.0140775
2.7	0.0139757
2.71	0.013875
2.72	0.0137754
2.73	0.0136768
2.74	0.0135793
2.75	0.0134828
2.76	0.0133874
2.77	0.0132929
2.78	0.0131994
2.79	0.0131069
2.8	0.0130154
2.81	0.0129248
2.82	0.0128352
2.83	0.0127464
2.84	0.0126586
2.85	0.0125717
2.86	0.0124857
2.87	0.0124005
2.88	0.0123162
2.89	0.0122328
2.9	0.0121501
2.91	0.0120684
2.92	0.0119874
2.93	0.0119073
2.94	0.0118279
2.95	0.0117493
2.96	0.0116715
2.97	0.0115945
2.98	0.0115182
2.99	0.0114427
3	0.0113679
3.01	0.0112938
3.02	0.0112205
3.03	0.0111478
3.04	0.0110759
3.05	0.0110046
3.06	0.0109341
3.07	0.0108642
3.08	0.0107949
3.09	0.0107263
3.1	0.0106584
3.11	0.0105911
3.12	0.0105245
3.13	0.0104584
3.14	0.010393
3.15	0.0103282
3.16	0.010264
3.17	0.0102004
3.18	0.0101373
3.19	0.0100749
3.2	0.010013
3.21	0.00995168
3.22	0.00989093
3.23	0.00983072
3.24	0.00977106
3.25	0.00971194
3.26	0.00965335
3.27	0.00959529
3.28	0.00953775
3.29	0.00948072
3.3	0.0094242
3.31	0.00936818
3.32	0.00931265
3.33	0.00925762
3.34	0.00920306
3.35	0.00914899
3.36	0.00909539
3.37	0.00904226
3.38	0.00898959
3.39	0.00893737
3.4	0.00888561
3.41	0.0088343
3.42	0.00878342
3.43	0.00873298
3.44	0.00868297
3.45	0.00863339
3.46	0.00858423
3.47	0.00853549
3.48	0.00848716
3.49	0.00843923
3.5	0.00839171
3.51	0.00834459
3.52	0.00829786
3.53	0.00825152
3.54	0.00820557
3.55	0.00816
3.56	0.0081148
3.57	0.00806998
3.58	0.00802553
3.59	0.00798144
3.6	0.00793771
3.61	0.00789434
3.62	0.00785132
3.63	0.00780865
3.64	0.00776633
3.65	0.00772435
3.66	0.0076827
3.67	0.0076414
3.68	0.00760042
3.69	0.00755977
3.7	0.00751944
3.71	0.00747943
3.72	0.00743974
3.73	0.00740037
3.74	0.0073613
3.75	0.00732255
3.76	0.00728409
3.77	0.00724594
3.78	0.00720809
3.79	0.00717053
3.8	0.00713326
3.81	0.00709628
3.82	0.00705958
3.83	0.00702317
3.84	0.00698704
3.85	0.00695119
3.86	0.00691561
3.87	0.0068803
3.88	0.00684526
3.89	0.00681049
3.9	0.00677598
3.91	0.00674173
3.92	0.00670774
3.93	0.006674
3.94	0.00664052
3.95	0.00660729
3.96	0.0065743
3.97	0.00654156
3.98	0.00650907
3.99	0.00647681
4	0.0064448
