0.01	0.000141007
0.02	0.0145393
0.03	0.0468816
0.04	0.0694193
0.05	0.080426
0.06	0.0871177
0.07	0.0940422
0.08	0.102825
0.09	0.113681
0.1	0.126328
0.11	0.140359
0.12	0.155359
0.13	0.170932
0.14	0.186709
0.15	0.202357
0.16	0.217581
0.17	0.232132
0.18	0.245812
0.19	0.258466
0.2	0.269987
0.21	0.280308
0.22	0.289398
0.23	0.297253
0.24	0.303896
0.25	0.309367
0.26	0.313721
0.27	0.317022
0.28	0.319342
0.29	0.320754
0.3	0.321336
0.31	0.321163
0.32	0.320309
0.33	0.318844
0.34	0.316837
0.35	0.314351
0.36	0.311445
0.37	0.308174
0.38	0.30459
0.39	0.300737
0.4	0.296659
0.41	0.292393
0.42	0.287975
0.43	0.283434
0.44	0.278799
0.45	0.274095
0.46	0.269343
0.47	0.264563
0.48	0.259771
0.49	0.254984
0.5	0.250213
0.51	0.245471
0.52	0.240767
0.53	0.23611
0.54	0.231507
0.55	0.226964
0.56	0.222487
0.57	0.218078
0.58	0.213743
0.59	0.209484
0.6	0.205303
0.61	0.201201
0.62	0.197181
0.63	0.193241
0.64	0.189384
0.65	0.185609
0.66	0.181916
0.67	0.178305
0.68	0.174774
0.69	0.171323
0.7	0.167952
0.71	0.164659
0.72	0.161442
0.73	0.158301
0.74	0.155234
0.75	0.15224
0.76	0.149318
0.77	0.146465
0.78	0.143681
0.79	0.140964
0.8	0.138312
0.81	0.135724
0.82	0.133199
0.83	0.130734
0.84	0.128329
0.85	0.125981
0.86	0.12369
0.87	0.121454
0.88	0.119271
0.89	0.117141
0.9	0.115061
0.91	0.113031
0.92	0.111049
0.93	0.109114
0.94	0.107224
0.95	0.105379
0.96	0.103577
0.97	0.101817
0.98	0.100097
0.99	0.0984179
1	0.0967771
1.01	0.0951738
1.02	0.0936072
1.03	0.0920762
1.04	0.0905799
1.05	0.0891172
1.06	0.0876874
1.07	0.0862895
1.08	0.0849226
1.09	0.0835859
1.1	0.0822787
1.11	0.0810001
1.12	0.0797493
1.13	0.0785257
1.14	0.0773284
1.15	0.0761568
1.16	0.0750103
1.17	0.0738881
1.18	0.0727896
1.19	0.0717142
1.2	0.0706613
1.21	0.0696303
1.22	0.0686207
1.23	0.0676318
1.24	0.0666632
1.25	0.0657144
1.26	0.0647848
1.27	0.0638739
1.28	0.0629813
1.29	0.0621065
1.3	0.0612491
1.31	0.0604086
1.32	0.0595846
1.33	0.0587767
1.34	0.0579845
1.35	0.0572076
1.36	0.0564457
1.37	0.0556983
1.38	0.0549652
1.39	0.0542459
1.4	0.0535402
1.41	0.0528477
1.42	0.0521681
1.43	0.0515011
1.44	0.0508465
1.45	0.0502038
1.46	0.0495728
1.47	0.0489533
1.48	0.0483451
1.49	0.0477477
1.5	0.047161
1.51	0.0465848
1.52	0.0460187
1.53	0.0454626
1.54	0.0449163
1.55	0.0443795
1.56	0.043852
1.57	0.0433336
1.58	0.0428241
1.59	0.0423233
1.6	0.041831
1.61	0.041347
1.62	0.0408712
1.63	0.0404034
1.64	0.0399433
1.65	0.0394909
1.66	0.0390459
1.67	0.0386083
1.68	0.0381777
1.69	0.0377542
1.7	0.0373376
1.71	0.0369276
1.72	0.0365243
1.73	0.0361273
1.74	0.0357367
1.75	0.0353522
1.76	0.0349738
1.77	0.0346013
1.78	0.0342345
1.79	0.0338735
1.8	0.0335181
1.81	0.0331681
1.82	0.0328234
1.83	0.032484
1.84	0.0321498
1.85	0.0318205
1.86	0.0314962
1.87	0.0311768
1.88	0.0308621
1.89	0.0305521
1.9	0.0302466
1.91	0.0299456
1.92	0.029649
1.93	0.0293567
1.94	0.0290687
1.95	0.0287847
1.96	0.0285049
1.97	0.0282291
1.98	0.0279572
1.99	0.0276891
2	0.0274248
2.01	0.0271642
2.02	0.0269073
2.03	0.0266539
2.04	0.026404
2.05	0.0261576
2.06	0.0259146
2.07	0.0256748
2.08	0.0254384
2.09	0.0252051
2.1	0.0249751
2.11	0.024748
2.12	0.0245241
2.13	0.0243031
2.14	0.0240851
2.15	0.0238699
2.16	0.0236576
2.17	0.023448
2.18	0.0232412
2.19	0.0230371
2.2	0.0228356
2.21	0.0226367
2.22	0.0224404
2.23	0.0222466
2.24	0.0220552
2.25	0.0218663
2.26	0.0216798
2.27	0.0214956
2.28	0.0213137
2.29	0.0211341
2.3	0.0209567
2.31	0.0207816
2.32	0.0206085
2.33	0.0204377
2.34	0.0202689
2.35	0.0201021
2.36	0.0199374
2.37	0.0197747
2.38	0.019614
2.39	0.0194552
2.4	0.0192983
2.41	0.0191432
2.42	0.01899
2.43	0.0188386
2.44	0.018689
2.45	0.0185412
2.46	0.0183951
2.47	0.0182506
2.48	0.0181079
2.49	0.0179668
2.5	0.0178274
2.51	0.0176895
2.52	0.0175532
2.53	0.0174185
2.54	0.0172853
2.55	0.0171536
2.56	0.0170234
2.57	0.0168947
2.58	0.0167674
2.59	0.0166415
2.6	0.016517
2.61	0.0163939
2.62	0.0162722
2.63	0.0161518
2.64	0.0160327
2.65	0.0159149
2.66	0.0157984
2.67	0.0156832
2.68	0.0155692
2.69	0.0154564
2.7	0.0153449
2.71	0.0152345
2.72	0.0151253
2.73	0.0150173
2.74	0.0149104
2.75	0.0148047
2.76	0.0147
2.77	0.0145965
2.78	0.014494
2.79	0.0143926
2.8	0.0142923
2.81	0.014193
2.82	0.0140947
2.83	0.0139975
2.84	0.0139012
2.85	0.0138059
2.86	0.0137116
2.87	0.0136182
2.88	0.0135258
2.89	0.0134343
2.9	0.0133437
2.91	0.013254
2.92	0.0131653
2.93	0.0130774
2.94	0.0129904
2.95	0.0129042
2.96	0.0128189
2.97	0.0127344
2.98	0.0126508
2.99	0.0125679
3	0.0124859
3.01	0.0124047
3.02	0.0123242
3.03	0.0122446
3.04	0.0121657
3.05	0.0120875
3.06	0.0120101
3.07	0.0119334
3.08	0.0118575
3.09	0.0117823
3.1	0.0117078
3.11	0.011634
3.12	0.0115608
3.13	0.0114884
3.14	0.0114166
3.15	0.0113455
3.16	0.0112751
3.17	0.0112053
3.18	0.0111362
3.19	0.0110676
3.2	0.0109998
3.21	0.0109325
3.22	0.0108658
3.23	0.0107998
3.24	0.0107343
3.25	0.0106695
3.26	0.0106052
3.27	0.0105415
3.28	0.0104783
3.29	0.0104158
3.3	0.0103537
3.31	0.0102923
3.32	0.0102313
3.33	0.010171
3.34	0.0101111
3.35	0.0100518
3.36	0.00999294
3.37	0.00993463
3.38	0.00987683
3.39	0.00981953
3.4	0.00976273
3.41	0.00970641
3.42	0.00965058
3.43	0.00959523
3.44	0.00954034
3.45	0.00948593
3.46	0.00943198
3.47	0.00937848
3.48	0.00932544
3.49	0.00927284
3.5	0.00922068
3.51	0.00916896
3.52	0.00911767
3.53	0.00906681
3.54	0.00901637
3.55	0.00896635
3.56	0.00891675
3.57	0.00886755
3.58	0.00881875
3.59	0.00877036
3.6	0.00872236
3.61	0.00867475
3.62	0.00862753
3.63	0.00858069
3.64	0.00853423
3.65	0.00848814
3.66	0.00844243
3.67	0.00839708
3.68	0.00835209
3.69	0.00830747
3.7	0.0082632
3.71	0.00821928
3.72	0.0081757
3.73	0.00813248
3.74	0.00808959
3.75	0.00804704
3.76	0.00800482
3.77	0.00796293
3.78	0.00792137
3.79	0.00788014
3.8	0.00783922
3.81	0.00779862
3.82	0.00775833
3.83	0.00771835
3.84	0.00767868
3.85	0.00763931
3.86	0.00760025
3.87	0.00756148
3.88	0.00752301
3.89	0.00748482
3.9	0.00744693
3.91	0.00740932
3.92	0.007372
3.93	0.00733496
3.94	0.00729819
3.95	0.0072617
3.96	0.00722548
3.97	0.00718953
3.98	0.00715384
3.99	0.00711842
4	0.00708327
