0.01	-1.33227e-12
0.02	3.47133e-09
0.03	6.41982e-06
0.04	0.000232988
0.05	0.00181944
0.06	0.00671863
0.07	0.0163664
0.08	0.0309795
0.09	0.0498128
0.1	0.071679
0.11	0.0953336
0.12	0.119674
0.13	0.143814
0.14	0.167084
0.15	0.189011
0.16	0.209286
0.17	0.227722
0.18	0.244231
0.19	0.258797
0.2	0.271454
0.21	0.282272
0.22	0.291348
0.23	0.29879
0.24	0.304718
0.25	0.309253
0.26	0.31252
0.27	0.314637
0.28	0.315721
0.29	0.315881
0.3	0.315222
0.31	0.313839
0.32	0.311822
0.33	0.309253
0.34	0.306208
0.35	0.302754
0.36	0.298954
0.37	0.294864
0.38	0.290533
0.39	0.286006
0.4	0.281322
0.41	0.276518
0.42	0.271625
0.43	0.266669
0.44	0.261675
0.45	0.256665
0.46	0.251655
0.47	0.246663
0.48	0.241702
0.49	0.236784
0.5	0.231918
0.51	0.227113
0.52	0.222376
0.53	0.217713
0.54	0.213129
0.55	0.208627
0.56	0.204211
0.57	0.199882
0.58	0.195642
0.59	0.191493
0.6	0.187435
0.61	0.183469
0.62	0.179593
0.63	0.175808
0.64	0.172113
0.65	0.168506
0.66	0.164988
0.67	0.161556
0.68	0.158209
0.69	0.154946
0.7	0.151764
0.71	0.148663
0.72	0.145641
0.73	0.142696
0.74	0.139825
0.75	0.137028
0.76	0.134302
0.77	0.131646
0.78	0.129058
0.79	0.126536
0.8	0.124079
0.81	0.121684
0.82	0.11935
0.83	0.117076
0.84	0.114859
0.85	0.112698
0.86	0.110591
0.87	0.108538
0.88	0.106536
0.89	0.104583
0.9	0.10268
0.91	0.100823
0.92	0.0990127
0.93	0.0972465
0.94	0.0955236
0.95	0.0938425
0.96	0.0922022
0.97	0.0906015
0.98	0.0890392
0.99	0.0875143
1	0.0860256
1.01	0.0845722
1.02	0.0831529
1.03	0.0817669
1.04	0.0804132
1.05	0.0790909
1.06	0.0777991
1.07	0.0765369
1.08	0.0753035
1.09	0.0740981
1.1	0.0729199
1.11	0.0717681
1.12	0.0706421
1.13	0.0695411
1.14	0.0684643
1.15	0.0674112
1.16	0.0663812
1.17	0.0653734
1.18	0.0643875
1.19	0.0634227
1.2	0.0624785
1.21	0.0615544
1.22	0.0606498
1.23	0.0597642
1.24	0.0588971
1.25	0.058048
1.26	0.0572164
1.27	0.056402
1.28	0.0556041
1.29	0.0548225
1.3	0.0540566
1.31	0.0533061
1.32	0.0525706
1.33	0.0518498
1.34	0.0511431
1.35	0.0504504
1.36	0.0497711
1.37	0.0491051
1.38	0.048452
1.39	0.0478113
1.4	0.047183
1.41	0.0465666
1.42	0.0459618
1.43	0.0453684
1.44	0.0447861
1.45	0.0442147
1.46	0.0436538
1.47	0.0431032
1.48	0.0425627
1.49	0.042032
1.5	0.041511
1.51	0.0409993
1.52	0.0404968
1.53	0.0400033
1.54	0.0395185
1.55	0.0390423
1.56	0.0385744
1.57	0.0381147
1.58	0.037663
1.59	0.037219
1.6	0.0367827
1.61	0.0363539
1.62	0.0359323
1.63	0.0355179
1.64	0.0351105
1.65	0.0347099
1.66	0.034316
1.67	0.0339286
1.68	0.0335476
1.69	0.0331728
1.7	0.0328042
1.71	0.0324416
1.72	0.0320848
1.73	0.0317338
1.74	0.0313884
1.75	0.0310485
1.76	0.030714
1.77	0.0303847
1.78	0.0300607
1.79	0.0297417
1.8	0.0294277
1.81	0.0291185
1.82	0.0288141
1.83	0.0285144
1.84	0.0282193
1.85	0.0279286
1.86	0.0276423
1.87	0.0273604
1.88	0.0270827
1.89	0.0268091
1.9	0.0265395
1.91	0.026274
1.92	0.0260123
1.93	0.0257545
1.94	0.0255005
1.95	0.0252501
1.96	0.0250034
1.97	0.0247602
1.98	0.0245205
1.99	0.0242841
2	0.0240512
2.01	0.0238215
2.02	0.0235951
2.03	0.0233719
2.04	0.0231517
2.05	0.0229346
2.06	0.0227205
2.07	0.0225094
2.08	0.0223011
2.09	0.0220957
2.1	0.0218931
2.11	0.0216932
2.12	0.021496
2.13	0.0213015
2.14	0.0211095
2.15	0.0209201
2.16	0.0207332
2.17	0.0205488
2.18	0.0203668
2.19	0.0201872
2.2	0.0200099
2.21	0.0198349
2.22	0.0196622
2.23	0.0194917
2.24	0.0193234
2.25	0.0191572
2.26	0.0189931
2.27	0.0188311
2.28	0.0186712
2.29	0.0185133
2.3	0.0183573
2.31	0.0182033
2.32	0.0180512
2.33	0.017901
2.34	0.0177526
2.35	0.017606
2.36	0.0174613
2.37	0.0173183
2.38	0.017177
2.39	0.0170374
2.4	0.0168995
2.41	0.0167633
2.42	0.0166287
2.43	0.0164957
2.44	0.0163642
2.45	0.0162343
2.46	0.016106
2.47	0.0159791
2.48	0.0158538
2.49	0.0157298
2.5	0.0156073
2.51	0.0154863
2.52	0.0153666
2.53	0.0152483
2.54	0.0151313
2.55	0.0150157
2.56	0.0149014
2.57	0.0147883
2.58	0.0146766
2.59	0.0145661
2.6	0.0144568
2.61	0.0143487
2.62	0.0142419
2.63	0.0141362
2.64	0.0140317
2.65	0.0139283
2.66	0.013826
2.67	0.0137249
2.68	0.0136249
2.69	0.0135259
2.7	0.013428
2.71	0.0133312
2.72	0.0132354
2.73	0.0131406
2.74	0.0130469
2.75	0.0129541
2.76	0.0128623
2.77	0.0127715
2.78	0.0126816
2.79	0.0125926
2.8	0.0125046
2.81	0.0124175
2.82	0.0123313
2.83	0.012246
2.84	0.0121616
2.85	0.012078
2.86	0.0119953
2.87	0.0119134
2.88	0.0118324
2.89	0.0117521
2.9	0.0116727
2.91	0.0115941
2.92	0.0115163
2.93	0.0114392
2.94	0.0113629
2.95	0.0112874
2.96	0.0112126
2.97	0.0111385
2.98	0.0110652
2.99	0.0109926
3	0.0109207
3.01	0.0108495
3.02	0.010779
3.03	0.0107091
3.04	0.01064
3.05	0.0105715
3.06	0.0105036
3.07	0.0104364
3.08	0.0103699
3.09	0.010304
3.1	0.0102387
3.11	0.010174
3.12	0.0101099
3.13	0.0100464
3.14	0.00998355
3.15	0.00992125
3.16	0.00985953
3.17	0.00979838
3.18	0.0097378
3.19	0.00967777
3.2	0.00961829
3.21	0.00955936
3.22	0.00950097
3.23	0.0094431
3.24	0.00938576
3.25	0.00932894
3.26	0.00927263
3.27	0.00921682
3.28	0.00916152
3.29	0.0091067
3.3	0.00905238
3.31	0.00899854
3.32	0.00894517
3.33	0.00889228
3.34	0.00883985
3.35	0.00878789
3.36	0.00873637
3.37	0.00868531
3.38	0.00863469
3.39	0.00858451
3.4	0.00853476
3.41	0.00848545
3.42	0.00843656
3.43	0.00838808
3.44	0.00834002
3.45	0.00829238
3.46	0.00824513
3.47	0.00819829
3.48	0.00815185
3.49	0.00810579
3.5	0.00806013
3.51	0.00801484
3.52	0.00796994
3.53	0.00792541
3.54	0.00788125
3.55	0.00783746
3.56	0.00779403
3.57	0.00775096
3.58	0.00770824
3.59	0.00766587
3.6	0.00762385
3.61	0.00758218
3.62	0.00754084
3.63	0.00749984
3.64	0.00745917
3.65	0.00741883
3.66	0.00737881
3.67	0.00733912
3.68	0.00729975
3.69	0.00726069
3.7	0.00722194
3.71	0.0071835
3.72	0.00714536
3.73	0.00710753
3.74	0.00706999
3.75	0.00703275
3.76	0.0069958
3.77	0.00695914
3.78	0.00692277
3.79	0.00688668
3.8	0.00685087
3.81	0.00681534
3.82	0.00678009
3.83	0.0067451
3.84	0.00671039
3.85	0.00667594
3.86	0.00664175
3.87	0.00660783
3.88	0.00657416
3.89	0.00654075
3.9	0.0065076
3.91	0.00647469
3.92	0.00644203
3.93	0.00640962
3.94	0.00637745
3.95	0.00634552
3.96	0.00631383
3.97	0.00628238
3.98	0.00625116
3.99	0.00622017
4	0.00618941
