0.01	1.44329e-10
0.02	4.20422e-05
0.03	0.00199271
0.04	0.0117991
0.05	0.0313763
0.06	0.0564704
0.07	0.0817232
0.08	0.103747
0.09	0.121459
0.1	0.13529
0.11	0.146324
0.12	0.155726
0.13	0.164458
0.14	0.173193
0.15	0.182328
0.16	0.192038
0.17	0.202336
0.18	0.213131
0.19	0.224273
0.2	0.235583
0.21	0.246876
0.22	0.257978
0.23	0.268732
0.24	0.279003
0.25	0.28868
0.26	0.297677
0.27	0.30593
0.28	0.313394
0.29	0.320044
0.3	0.325869
0.31	0.330871
0.32	0.335064
0.33	0.338471
0.34	0.341119
0.35	0.343044
0.36	0.344283
0.37	0.344878
0.38	0.34487
0.39	0.344302
0.4	0.343219
0.41	0.341663
0.42	0.339674
0.43	0.337295
0.44	0.334563
0.45	0.331516
0.46	0.328188
0.47	0.324613
0.48	0.320822
0.49	0.316843
0.5	0.312702
0.51	0.308426
0.52	0.304037
0.53	0.299555
0.54	0.295
0.55	0.29039
0.56	0.28574
0.57	0.281065
0.58	0.276378
0.59	0.271689
0.6	0.267011
0.61	0.262352
0.62	0.257721
0.63	0.253124
0.64	0.248569
0.65	0.244061
0.66	0.239604
0.67	0.235204
0.68	0.230864
0.69	0.226586
0.7	0.222374
0.71	0.218229
0.72	0.214153
0.73	0.210148
0.74	0.206214
0.75	0.202353
0.76	0.198565
0.77	0.194849
0.78	0.191206
0.79	0.187637
0.8	0.184139
0.81	0.180713
0.82	0.177359
0.83	0.174075
0.84	0.170861
0.85	0.167716
0.86	0.164639
0.87	0.161628
0.88	0.158683
0.89	0.155803
0.9	0.152986
0.91	0.150232
0.92	0.147538
0.93	0.144905
0.94	0.14233
0.95	0.139813
0.96	0.137351
0.97	0.134945
0.98	0.132592
0.99	0.130292
1	0.128044
1.01	0.125845
1.02	0.123696
1.03	0.121594
1.04	0.119539
1.05	0.11753
1.06	0.115565
1.07	0.113644
1.08	0.111765
1.09	0.109927
1.1	0.108129
1.11	0.106371
1.12	0.104651
1.13	0.102969
1.14	0.101323
1.15	0.0997124
1.16	0.0981366
1.17	0.0965946
1.18	0.0950855
1.19	0.0936085
1.2	0.0921629
1.21	0.0907478
1.22	0.0893625
1.23	0.0880062
1.24	0.0866782
1.25	0.0853779
1.26	0.0841044
1.27	0.0828572
1.28	0.0816356
1.29	0.0804389
1.3	0.0792666
1.31	0.0781181
1.32	0.0769927
1.33	0.0758899
1.34	0.0748091
1.35	0.0737499
1.36	0.0727116
1.37	0.0716938
1.38	0.0706959
1.39	0.0697176
1.4	0.0687583
1.41	0.0678175
1.42	0.0668949
1.43	0.06599
1.44	0.0651023
1.45	0.0642315
1.46	0.0633772
1.47	0.0625389
1.48	0.0617163
1.49	0.0609091
1.5	0.0601168
1.51	0.0593392
1.52	0.0585758
1.53	0.0578264
1.54	0.0570907
1.55	0.0563682
1.56	0.0556588
1.57	0.0549622
1.58	0.0542779
1.59	0.0536058
1.6	0.0529457
1.61	0.0522971
1.62	0.0516599
1.63	0.0510338
1.64	0.0504186
1.65	0.049814
1.66	0.0492198
1.67	0.0486358
1.68	0.0480617
1.69	0.0474973
1.7	0.0469425
1.71	0.046397
1.72	0.0458606
1.73	0.0453332
1.74	0.0448144
1.75	0.0443042
1.76	0.0438024
1.77	0.0433088
1.78	0.0428232
1.79	0.0423455
1.8	0.0418755
1.81	0.041413
1.82	0.0409578
1.83	0.0405099
1.84	0.0400691
1.85	0.0396353
1.86	0.0392082
1.87	0.0387878
1.88	0.0383739
1.89	0.0379665
1.9	0.0375653
1.91	0.0371702
1.92	0.0367812
1.93	0.0363981
1.94	0.0360207
1.95	0.0356491
1.96	0.035283
1.97	0.0349224
1.98	0.0345671
1.99	0.0342171
2	0.0338723
2.01	0.0335325
2.02	0.0331977
2.03	0.0328677
2.04	0.0325425
2.05	0.032222
2.06	0.0319061
2.07	0.0315947
2.08	0.0312878
2.09	0.0309851
2.1	0.0306868
2.11	0.0303926
2.12	0.0301026
2.13	0.0298166
2.14	0.0295346
2.15	0.0292564
2.16	0.0289821
2.17	0.0287116
2.18	0.0284447
2.19	0.0281815
2.2	0.0279218
2.21	0.0276656
2.22	0.0274129
2.23	0.0271636
2.24	0.0269175
2.25	0.0266747
2.26	0.0264352
2.27	0.0261987
2.28	0.0259654
2.29	0.0257351
2.3	0.0255079
2.31	0.0252835
2.32	0.0250621
2.33	0.0248434
2.34	0.0246276
2.35	0.0244146
2.36	0.0242042
2.37	0.0239965
2.38	0.0237914
2.39	0.0235889
2.4	0.0233889
2.41	0.0231914
2.42	0.0229964
2.43	0.0228037
2.44	0.0226135
2.45	0.0224255
2.46	0.0222399
2.47	0.0220565
2.48	0.0218754
2.49	0.0216964
2.5	0.0215196
2.51	0.0213449
2.52	0.0211722
2.53	0.0210017
2.54	0.0208331
2.55	0.0206666
2.56	0.020502
2.57	0.0203393
2.58	0.0201786
2.59	0.0200197
2.6	0.0198626
2.61	0.0197074
2.62	0.019554
2.63	0.0194023
2.64	0.0192523
2.65	0.0191041
2.66	0.0189575
2.67	0.0188126
2.68	0.0186693
2.69	0.0185276
2.7	0.0183876
2.71	0.018249
2.72	0.0181121
2.73	0.0179766
2.74	0.0178426
2.75	0.0177101
2.76	0.0175791
2.77	0.0174494
2.78	0.0173212
2.79	0.0171944
2.8	0.017069
2.81	0.0169449
2.82	0.0168221
2.83	0.0167007
2.84	0.0165805
2.85	0.0164616
2.86	0.016344
2.87	0.0162276
2.88	0.0161125
2.89	0.0159985
2.9	0.0158858
2.91	0.0157742
2.92	0.0156637
2.93	0.0155545
2.94	0.0154463
2.95	0.0153393
2.96	0.0152333
2.97	0.0151284
2.98	0.0150246
2.99	0.0149219
3	0.0148202
3.01	0.0147195
3.02	0.0146198
3.03	0.0145212
3.04	0.0144235
3.05	0.0143268
3.06	0.014231
3.07	0.0141362
3.08	0.0140423
3.09	0.0139494
3.1	0.0138573
3.11	0.0137662
3.12	0.0136759
3.13	0.0135865
3.14	0.013498
3.15	0.0134104
3.16	0.0133235
3.17	0.0132376
3.18	0.0131524
3.19	0.013068
3.2	0.0129845
3.21	0.0129017
3.22	0.0128197
3.23	0.0127385
3.24	0.0126581
3.25	0.0125784
3.26	0.0124994
3.27	0.0124212
3.28	0.0123437
3.29	0.012267
3.3	0.0121909
3.31	0.0121155
3.32	0.0120409
3.33	0.0119669
3.34	0.0118935
3.35	0.0118209
3.36	0.0117489
3.37	0.0116775
3.38	0.0116068
3.39	0.0115368
3.4	0.0114673
3.41	0.0113985
3.42	0.0113303
3.43	0.0112627
3.44	0.0111957
3.45	0.0111293
3.46	0.0110635
3.47	0.0109982
3.48	0.0109335
3.49	0.0108694
3.5	0.0108058
3.51	0.0107428
3.52	0.0106804
3.53	0.0106185
3.54	0.0105571
3.55	0.0104962
3.56	0.0104359
3.57	0.010376
3.58	0.0103167
3.59	0.0102579
3.6	0.0101996
3.61	0.0101418
3.62	0.0100844
3.63	0.0100276
3.64	0.00997118
3.65	0.00991526
3.66	0.00985982
3.67	0.00980484
3.68	0.00975031
3.69	0.00969623
3.7	0.0096426
3.71	0.0095894
3.72	0.00953665
3.73	0.00948432
3.74	0.00943242
3.75	0.00938095
3.76	0.00932989
3.77	0.00927924
3.78	0.009229
3.79	0.00917917
3.8	0.00912973
3.81	0.00908069
3.82	0.00903205
3.83	0.00898379
3.84	0.00893591
3.85	0.00888841
3.86	0.00884129
3.87	0.00879454
3.88	0.00874816
3.89	0.00870214
3.9	0.00865648
3.91	0.00861118
3.92	0.00856622
3.93	0.00852162
3.94	0.00847736
3.95	0.00843345
3.96	0.00838987
3.97	0.00834663
3.98	0.00830372
3.99	0.00826114
4	0.00821888
