0.01	7.40149e-13
0.02	-1.85037e-13
0.03	1.64272e-10
0.04	1.04321e-07
0.05	4.55775e-06
0.06	5.33572e-05
0.07	0.00029794
0.08	0.00105511
0.09	0.00277045
0.1	0.00591647
0.11	0.0108907
0.12	0.0179521
0.13	0.0272004
0.14	0.0385854
0.15	0.0519331
0.16	0.0669776
0.17	0.083393
0.18	0.100821
0.19	0.118897
0.2	0.137264
0.21	0.155592
0.22	0.173581
0.23	0.190973
0.24	0.207551
0.25	0.223142
0.26	0.237612
0.27	0.250867
0.28	0.262848
0.29	0.273524
0.3	0.282894
0.31	0.290975
0.32	0.297805
0.33	0.303433
0.34	0.307922
0.35	0.311339
0.36	0.313759
0.37	0.315255
0.38	0.315906
0.39	0.315787
0.4	0.314972
0.41	0.313532
0.42	0.311536
0.43	0.309046
0.44	0.306125
0.45	0.302826
0.46	0.299202
0.47	0.2953
0.48	0.291164
0.49	0.286832
0.5	0.282341
0.51	0.277722
0.52	0.273005
0.53	0.268214
0.54	0.263374
0.55	0.258504
0.56	0.253622
0.57	0.248744
0.58	0.243884
0.59	0.239054
0.6	0.234264
0.61	0.229524
0.62	0.22484
0.63	0.22022
0.64	0.215668
0.65	0.21119
0.66	0.206788
0.67	0.202467
0.68	0.198227
0.69	0.194071
0.7	0.190001
0.71	0.186016
0.72	0.182118
0.73	0.178306
0.74	0.174579
0.75	0.170939
0.76	0.167383
0.77	0.163911
0.78	0.160522
0.79	0.157214
0.8	0.153987
0.81	0.150839
0.82	0.147768
0.83	0.144773
0.84	0.141853
0.85	0.139005
0.86	0.136229
0.87	0.133522
0.88	0.130883
0.89	0.12831
0.9	0.125801
0.91	0.123356
0.92	0.120972
0.93	0.118648
0.94	0.116382
0.95	0.114173
0.96	0.112018
0.97	0.109918
0.98	0.107869
0.99	0.105872
1	0.103923
1.01	0.102023
1.02	0.100169
1.03	0.0983605
1.04	0.096596
1.05	0.0948744
1.06	0.0931944
1.07	0.0915549
1.08	0.0899547
1.09	0.0883927
1.1	0.0868678
1.11	0.085379
1.12	0.0839253
1.13	0.0825056
1.14	0.0811191
1.15	0.0797648
1.16	0.0784419
1.17	0.0771493
1.18	0.0758864
1.19	0.0746522
1.2	0.0734459
1.21	0.0722669
1.22	0.0711143
1.23	0.0699875
1.24	0.0688856
1.25	0.0678081
1.26	0.0667543
1.27	0.0657235
1.28	0.0647151
1.29	0.0637286
1.3	0.0627632
1.31	0.0618185
1.32	0.0608939
1.33	0.0599889
1.34	0.0591029
1.35	0.0582355
1.36	0.0573862
1.37	0.0565544
1.38	0.0557398
1.39	0.0549419
1.4	0.0541603
1.41	0.0533945
1.42	0.0526442
1.43	0.0519089
1.44	0.0511883
1.45	0.0504819
1.46	0.0497896
1.47	0.0491108
1.48	0.0484453
1.49	0.0477927
1.5	0.0471527
1.51	0.046525
1.52	0.0459094
1.53	0.0453054
1.54	0.0447128
1.55	0.0441315
1.56	0.0435609
1.57	0.0430011
1.58	0.0424515
1.59	0.0419121
1.6	0.0413826
1.61	0.0408628
1.62	0.0403524
1.63	0.0398512
1.64	0.0393589
1.65	0.0388755
1.66	0.0384007
1.67	0.0379343
1.68	0.037476
1.69	0.0370258
1.7	0.0365834
1.71	0.0361487
1.72	0.0357215
1.73	0.0353016
1.74	0.0348889
1.75	0.0344831
1.76	0.0340843
1.77	0.0336921
1.78	0.0333065
1.79	0.0329273
1.8	0.0325544
1.81	0.0321876
1.82	0.0318268
1.83	0.031472
1.84	0.0311229
1.85	0.0307794
1.86	0.0304415
1.87	0.0301089
1.88	0.0297817
1.89	0.0294597
1.9	0.0291427
1.91	0.0288307
1.92	0.0285236
1.93	0.0282213
1.94	0.0279236
1.95	0.0276305
1.96	0.027342
1.97	0.0270578
1.98	0.026778
1.99	0.0265023
2	0.0262309
2.01	0.0259635
2.02	0.0257001
2.03	0.0254406
2.04	0.0251849
2.05	0.024933
2.06	0.0246848
2.07	0.0244402
2.08	0.0241992
2.09	0.0239617
2.1	0.0237275
2.11	0.0234968
2.12	0.0232693
2.13	0.023045
2.14	0.0228239
2.15	0.022606
2.16	0.0223911
2.17	0.0221791
2.18	0.0219702
2.19	0.0217641
2.2	0.0215609
2.21	0.0213604
2.22	0.0211627
2.23	0.0209677
2.24	0.0207753
2.25	0.0205855
2.26	0.0203983
2.27	0.0202136
2.28	0.0200313
2.29	0.0198514
2.3	0.019674
2.31	0.0194988
2.32	0.019326
2.33	0.0191554
2.34	0.018987
2.35	0.0188208
2.36	0.0186568
2.37	0.0184948
2.38	0.018335
2.39	0.0181771
2.4	0.0180213
2.41	0.0178674
2.42	0.0177155
2.43	0.0175655
2.44	0.0174173
2.45	0.017271
2.46	0.0171265
2.47	0.0169838
2.48	0.0168428
2.49	0.0167036
2.5	0.016566
2.51	0.0164302
2.52	0.016296
2.53	0.0161634
2.54	0.0160323
2.55	0.0159029
2.56	0.015775
2.57	0.0156486
2.58	0.0155237
2.59	0.0154003
2.6	0.0152784
2.61	0.0151578
2.62	0.0150387
2.63	0.0149209
2.64	0.0148046
2.65	0.0146895
2.66	0.0145758
2.67	0.0144634
2.68	0.0143522
2.69	0.0142423
2.7	0.0141337
2.71	0.0140263
2.72	0.0139201
2.73	0.0138151
2.74	0.0137113
2.75	0.0136086
2.76	0.013507
2.77	0.0134066
2.78	0.0133073
2.79	0.013209
2.8	0.0131119
2.81	0.0130158
2.82	0.0129207
2.83	0.0128267
2.84	0.0127337
2.85	0.0126416
2.86	0.0125506
2.87	0.0124605
2.88	0.0123714
2.89	0.0122833
2.9	0.012196
2.91	0.0121097
2.92	0.0120243
2.93	0.0119398
2.94	0.0118562
2.95	0.0117734
2.96	0.0116915
2.97	0.0116104
2.98	0.0115302
2.99	0.0114508
3	0.0113722
3.01	0.0112943
3.02	0.0112173
3.03	0.0111411
3.04	0.0110656
3.05	0.0109909
3.06	0.010917
3.07	0.0108437
3.08	0.0107712
3.09	0.0106995
3.1	0.0106284
3.11	0.010558
3.12	0.0104884
3.13	0.0104194
3.14	0.010351
3.15	0.0102834
3.16	0.0102164
3.17	0.01015
3.18	0.0100843
3.19	0.0100192
3.2	0.00995478
3.21	0.00989094
3.22	0.0098277
3.23	0.00976507
3.24	0.00970302
3.25	0.00964157
3.26	0.00958069
3.27	0.00952038
3.28	0.00946064
3.29	0.00940145
3.3	0.00934281
3.31	0.00928471
3.32	0.00922716
3.33	0.00917013
3.34	0.00911362
3.35	0.00905763
3.36	0.00900216
3.37	0.00894719
3.38	0.00889271
3.39	0.00883873
3.4	0.00878524
3.41	0.00873222
3.42	0.00867969
3.43	0.00862762
3.44	0.00857601
3.45	0.00852487
3.46	0.00847418
3.47	0.00842393
3.48	0.00837413
3.49	0.00832477
3.5	0.00827584
3.51	0.00822733
3.52	0.00817925
3.53	0.00813159
3.54	0.00808434
3.55	0.0080375
3.56	0.00799106
3.57	0.00794502
3.58	0.00789937
3.59	0.00785412
3.6	0.00780925
3.61	0.00776476
3.62	0.00772065
3.63	0.00767691
3.64	0.00763354
3.65	0.00759053
3.66	0.00754789
3.67	0.0075056
3.68	0.00746366
3.69	0.00742207
3.7	0.00738083
3.71	0.00733993
3.72	0.00729936
3.73	0.00725913
3.74	0.00721923
3.75	0.00717965
3.76	0.0071404
3.77	0.00710146
3.78	0.00706285
3.79	0.00702454
3.8	0.00698655
3.81	0.00694886
3.82	0.00691147
3.83	0.00687438
3.84	0.00683759
3.85	0.00680109
3.86	0.00676488
3.87	0.00672896
3.88	0.00669332
3.89	0.00665796
3.9	0.00662288
3.91	0.00658808
3.92	0.00655355
3.93	0.00651929
3.94	0.00648529
3.95	0.00645156
3.96	0.00641809
3.97	0.00638488
3.98	0.00635192
3.99	0.00631922
4	0.00628677
