0.01		4.22027e-08
0.02		3.60202e-06
0.03		0.000375487
0.04		0.00293731
0.05		0.00987324
0.06		0.0217431
0.07		0.0300612
0.08		0.0395591
0.09		0.0470746
0.1		0.0741598
0.11		0.0636099
0.12		0.0884765
0.13		0.0639231
0.14		0.111213
0.15		0.0837882
0.16		0.101398
0.17		0.112063
0.18		0.134545
0.19		0.135504
0.2		0.107936
0.21		0.121875
0.22		0.13764
0.23		0.15236
0.24		0.168472
0.25		0.159607
0.26		0.155771
0.27		0.174224
0.28		0.167852
0.29		0.182967
0.3		0.203753
0.31		0.205679
0.32		0.210335
0.33		0.224879
0.34		0.219197
0.35		0.227012
0.36		0.244939
0.37		0.235434
0.38		0.262904
0.39		0.272009
0.4		0.263332
0.41		0.276722
0.42		0.277633
0.43		0.281824
0.44		0.295856
0.45		0.285734
0.46		0.284941
0.47		0.296477
0.48		0.305605
0.49		0.312927
0.5		0.311472
0.51		0.308062
0.52		0.323794
0.53		0.312908
0.54		0.32411
0.55		0.314723
0.56		0.314162
0.57		0.319565
0.58		0.313246
0.59		0.312806
0.6		0.310482
0.61		0.317283
0.62		0.313193
0.63		0.316755
0.64		0.310418
0.65		0.316938
0.66		0.311679
0.67		0.302664
0.68		0.304765
0.69		0.299595
0.7		0.297373
0.71		0.29472
0.72		0.293622
0.73		0.288693
0.74		0.281369
0.75		0.282916
0.76		0.279961
0.77		0.273527
0.78		0.268974
0.79		0.259557
0.8		0.25897
0.81		0.264264
0.82		0.25803
0.83		0.256273
0.84		0.257449
0.85		0.246226
0.86		0.242222
0.87		0.239948
0.88		0.234293
0.89		0.241257
0.9		0.234519
0.91		0.227225
0.92		0.224378
0.93		0.2204
0.94		0.220834
0.95		0.214143
0.96		0.211015
0.97		0.206652
0.98		0.209809
0.99		0.199651
1		0.198188
1.01		0.201242
1.02		0.197683
1.03		0.195398
1.04		0.186956
1.05		0.183632
1.06		0.180497
1.07		0.180661
1.08		0.181462
1.09		0.171604
1.1		0.172049
1.11		0.165761
1.12		0.163345
1.13		0.164432
1.14		0.162541
1.15		0.160415
1.16		0.15826
1.17		0.152449
1.18		0.151028
1.19		0.149613
1.2		0.148572
1.21		0.145958
1.22		0.139772
1.23		0.138728
1.24		0.135714
1.25		0.134301
1.26		0.134385
1.27		0.130362
1.28		0.133064
1.29		0.127184
1.3		0.123974
1.31		0.12731
1.32		0.126948
1.33		0.118674
1.34		0.125427
1.35		0.122278
1.36		0.120664
1.37		0.117334
1.38		0.113565
1.39		0.113748
1.4		0.109362
1.41		0.107129
1.42		0.108466
1.43		0.106086
1.44		0.110382
1.45		0.101547
1.46		0.103186
1.47		0.10225
1.48		0.0985986
1.49		0.0978154
1.5		0.0982378
1.51		0.0951903
1.52		0.0950948
1.53		0.0946317
1.54		0.0917422
1.55		0.0897089
1.56		0.0911261
1.57		0.0888823
1.58		0.0871226
1.59		0.0855854
1.6		0.0845645
1.61		0.0837079
1.62		0.0821197
1.63		0.083276
1.64		0.0812005
1.65		0.0823084
1.66		0.0788007
1.67		0.0768237
1.68		0.0771528
1.69		0.077583
1.7		0.0752812
1.71		0.075409
1.72		0.073231
1.73		0.0725857
1.74		0.0718897
1.75		0.071017
1.76		0.0723123
1.77		0.0691411
1.78		0.0683985
1.79		0.0674057
1.8		0.0657544
1.81		0.065237
1.82		0.0649823
1.83		0.0657738
1.84		0.0630792
1.85		0.0634879
1.86		0.0635195
1.87		0.0617797
1.88		0.0618415
1.89		0.0608833
1.9		0.058241
1.91		0.0605207
1.92		0.0586643
1.93		0.0585604
1.94		0.0583247
1.95		0.0563139
1.96		0.05607
1.97		0.0566726
1.98		0.055247
1.99		0.0544261
2		0.05446
2.01		0.053099
2.02		0.0528086
2.03		0.0532942
2.04		0.0513816
2.05		0.0515881
2.06		0.0513034
2.07		0.050441
2.08		0.0501616
2.09		0.0499043
2.1		0.0501324
2.11		0.0478186
2.12		0.0492195
2.13		0.0477089
2.14		0.0473344
2.15		0.046659
2.16		0.0448985
2.17		0.0458214
2.18		0.0447153
2.19		0.0445637
2.2		0.0452568
2.21		0.0438165
2.22		0.043385
2.23		0.0427278
2.24		0.0427284
2.25		0.04232
2.26		0.0423457
2.27		0.0418136
2.28		0.0414074
2.29		0.0412857
2.3		0.0396179
2.31		0.0402424
2.32		0.0392413
2.33		0.0389885
2.34		0.0392123
2.35		0.0387437
2.36		0.0381023
2.37		0.038162
2.38		0.0383198
2.39		0.0375341
2.4		0.0376137
2.41		0.0362354
2.42		0.0367494
2.43		0.0355741
2.44		0.0363811
2.45		0.0347993
2.46		0.0349888
2.47		0.0347117
2.48		0.0346871
2.49		0.0341363
2.5		0.0331685
2.51		0.0340238
2.52		0.0340632
2.53		0.0337131
2.54		0.0332645
2.55		0.0327199
2.56		0.0323228
2.57		0.0322809
2.58		0.0314403
2.59		0.0317689
2.6		0.0311407
2.61		0.0308502
2.62		0.0309983
2.63		0.0308195
2.64		0.0303716
2.65		0.0300087
2.66		0.0301225
2.67		0.0295331
2.68		0.0293451
2.69		0.0291019
2.7		0.0287058
2.71		0.0285422
2.72		0.0280901
2.73		0.0275079
2.74		0.0278115
2.75		0.0281775
2.76		0.0273008
2.77		0.0269954
2.78		0.0266629
2.79		0.0267193
2.8		0.0271998
2.81		0.0269227
2.82		0.0263123
2.83		0.0261955
2.84		0.0260453
2.85		0.0256054
2.86		0.0250776
2.87		0.025695
2.88		0.0246922
2.89		0.0248909
2.9		0.025027
2.91		0.0250426
2.92		0.0243165
2.93		0.0238234
2.94		0.023868
2.95		0.0237348
2.96		0.0234366
2.97		0.0232588
2.98		0.0238074
2.99		0.023381
3		0.0231144
3.01		0.0230339
3.02		0.0228194
3.03		0.0227758
3.04		0.0225803
3.05		0.0225739
3.06		0.0223126
3.07		0.0220439
3.08		0.0220731
3.09		0.0217994
3.1		0.0213955
3.11		0.0208319
3.12		0.0213464
3.13		0.0208184
3.14		0.0206189
3.15		0.0208139
3.16		0.0211494
3.17		0.0205732
3.18		0.0201099
3.19		0.0201678
3.2		0.0199046
3.21		0.0201455
3.22		0.0197985
3.23		0.0197666
3.24		0.0193531
3.25		0.0194696
3.26		0.0190862
3.27		0.0195376
3.28		0.0191882
3.29		0.0190473
3.3		0.0190704
3.31		0.019182
3.32		0.0189082
3.33		0.0186848
3.34		0.0185434
3.35		0.0184092
3.36		0.018002
3.37		0.0181586
3.38		0.0180852
3.39		0.0177899
3.4		0.0176623
3.41		0.0177864
3.42		0.0174966
3.43		0.0174003
3.44		0.0174017
3.45		0.0173032
3.46		0.0170617
3.47		0.0170935
3.48		0.0168248
3.49		0.01664
3.5		0.0166813
3.51		0.0164037
3.52		0.0164822
3.53		0.0165628
3.54		0.0160736
3.55		0.0161043
3.56		0.0161757
3.57		0.0161089
3.58		0.0157177
3.59		0.015901
3.6		0.0154947
3.61		0.0158601
3.62		0.016044
3.63		0.0156669
3.64		0.0152614
3.65		0.0151663
3.66		0.0150978
3.67		0.0148491
3.68		0.014935
3.69		0.0148787
3.7		0.0147017
3.71		0.0148173
3.72		0.0145754
3.73		0.0148497
3.74		0.0145154
3.75		0.0143884
3.76		0.014241
3.77		0.0141868
3.78		0.0140299
3.79		0.0140644
3.8		0.0140113
3.81		0.0137737
3.82		0.0137349
3.83		0.0138175
3.84		0.0136258
3.85		0.0136498
3.86		0.0135253
3.87		0.0135596
3.88		0.0134423
3.89		0.0132131
3.9		0.0132657
3.91		0.0132833
3.92		0.0129305
3.93		0.0132718
3.94		0.0129953
3.95		0.0126789
3.96		0.012694
3.97		0.0131885
3.98		0.0128387
3.99		0.0125064
4		0.0125892
4.01		0.0126218
4.02		0.0125803
4.03		0.0124149
4.04		0.0124109
4.05		0.0122801
4.06		0.0122062
4.07		0.0120252
4.08		0.0119157
4.09		0.0122236
4.1		0.0119649
4.11		0.0120711
4.12		0.011736
4.13		0.0114904
4.14		0.011583
4.15		0.011631
4.16		0.0115462
4.17		0.0115058
4.18		0.0113115
4.19		0.0115456
4.2		0.0114187
4.21		0.0112626
4.22		0.0113142
4.23		0.0113084
4.24		0.0111628
4.25		0.0108942
4.26		0.0112369
4.27		0.0108704
4.28		0.0108509
4.29		0.0109102
4.3		0.0107815
4.31		0.0106817
4.32		0.0107645
4.33		0.0107426
4.34		0.0105664
4.35		0.0105238
4.36		0.0106105
4.37		0.010509
4.38		0.0104742
4.39		0.0102292
4.4		0.0105037
4.41		0.010163
4.42		0.0102587
4.43		0.0100826
4.44		0.00998666
4.45		0.00999667
4.46		0.0100368
4.47		0.00996875
4.48		0.0100774
4.49		0.00973708
4.5		0.00981236
4.51		0.00974233
4.52		0.00957475
4.53		0.00956127
4.54		0.00961723
4.55		0.00964369
4.56		0.00951065
4.57		0.00952672
4.58		0.0094624
4.59		0.00940118
4.6		0.00929832
4.61		0.00950586
4.62		0.00939608
4.63		0.00931206
4.64		0.00932363
4.65		0.00917192
4.66		0.00909625
4.67		0.00907138
4.68		0.00909507
4.69		0.00892933
4.7		0.00893782
4.71		0.00892839
4.72		0.00876393
4.73		0.00893442
4.74		0.00881534
4.75		0.00881435
4.76		0.00876045
4.77		0.00879579
4.78		0.00878348
4.79		0.00865428
4.8		0.00867658
4.81		0.00858691
4.82		0.00841091
4.83		0.00845902
4.84		0.00843192
4.85		0.00833725
4.86		0.00836688
4.87		0.00839571
4.88		0.00831814
4.89		0.0082108
4.9		0.00822588
4.91		0.00810508
4.92		0.00811856
4.93		0.00810612
4.94		0.00799491
4.95		0.00806365
4.96		0.00802322
4.97		0.00798175
4.98		0.00793308
4.99		0.00787722
5		0.00786755
