0 0 4.00665e-27
0 0.01 4.04948e-27
0 0.02 4.09309e-27
0 0.03 4.13749e-27
0 0.04 4.18272e-27
0 0.05 4.22878e-27
0 0.06 4.27571e-27
0 0.07 4.32352e-27
0 0.08 4.37225e-27
0 0.09 4.42191e-27
0 0.1 4.47253e-27
0 0.11 4.52414e-27
0 0.12 4.57677e-27
0 0.13 4.63045e-27
0 0.14 4.6852e-27
0 0.15 4.74106e-27
0 0.16 4.79807e-27
0 0.17 4.85625e-27
0 0.18 4.91565e-27
0 0.19 4.9763e-27
0 0.2 5.03825e-27
0 0.21 5.10154e-27
0 0.22 5.16621e-27
0 0.23 5.23233e-27
0 0.24 5.29999e-27
0 0.25 5.36931e-27
0 0.26 5.44063e-27
0 0.27 5.51503e-27
0 0.28 5.59331e-27
0 0.29 5.66525e-27
0 0.3 5.73989e-27
0 0.31 5.81823e-27
0 0.32 5.89905e-27
0 0.33 5.98207e-27
0 0.34 6.06727e-27
0 0.35 6.15469e-27
0 0.36 6.24442e-27
0 0.37 6.33654e-27
0 0.38 6.43117e-27
0 0.39 6.52843e-27
0 0.4 6.62847e-27
0 0.41 6.73144e-27
0 0.42 6.83751e-27
0 0.43 6.94691e-27
0 0.44 7.05986e-27
0 0.45 7.17667e-27
0 0.46 7.29768e-27
0 0.47 7.42333e-27
0 0.48 7.55416e-27
0 0.49 7.69091e-27
0 0.5 7.83452e-27
0 0.51 7.98634e-27
0 0.52 8.14824e-27
0 0.53 8.32305e-27
0 0.54 8.51513e-27
0 0.55 8.73162e-27
0 0.56 8.98488e-27
0 0.57 9.29793e-27
0 0.58 9.71777e-27
0 0.59 1.03523e-26
0 0.6 1.14908e-26
0 0.61 1.40819e-26
0 0.62 2.16016e-26
0 0.63 3.08208e-26
0 0.64 1.94126e-26
0 0.65 1.40157e-26
0 0.66 1.2321e-26
0 0.67 1.17314e-26
0 0.68 1.15479e-26
0 0.69 1.15468e-26
0 0.7 1.16412e-26
0 0.71 1.17927e-26
0 0.72 1.19822e-26
0 0.73 1.21995e-26
0 0.74 1.24391e-26
0 0.75 1.26979e-26
0 0.76 1.29739e-26
0 0.77 1.32662e-26
0 0.78 1.35746e-26
0 0.79 1.38988e-26
0 0.8 1.42393e-26
0 0.81 1.45964e-26
0 0.82 1.49708e-26
0 0.83 1.53633e-26
0 0.84 1.57748e-26
0 0.85 1.62063e-26
0 0.86 1.66591e-26
0 0.87 1.71344e-26
0 0.88 1.76337e-26
0 0.89 1.81585e-26
0 0.9 1.87107e-26
0 0.91 1.92922e-26
0 0.92 1.9905e-26
0 0.93 2.05516e-26
0 0.94 2.12345e-26
0 0.95 2.19565e-26
0 0.96 2.27208e-26
0 0.97 2.35309e-26
0 0.98 2.43906e-26
0 0.99 2.53041e-26
0 1 2.62764e-26
0 1.01 2.73126e-26
0 1.02 2.84187e-26
0 1.03 2.96014e-26
0 1.04 3.08681e-26
0 1.05 3.22274e-26
0 1.06 3.36888e-26
0 1.07 3.52631e-26
0 1.08 3.69627e-26
0 1.09 3.88018e-26
0 1.1 4.07966e-26
0 1.11 4.29656e-26
0 1.12 4.53307e-26
0 1.13 4.79167e-26
0 1.14 5.07531e-26
0 1.15 5.38743e-26
0 1.16 5.73209e-26
0 1.17 6.11411e-26
0 1.18 6.53925e-26
0 1.19 7.01443e-26
0 1.2 7.54803e-26
0 1.21 8.15031e-26
0 1.22 8.83387e-26
0 1.23 9.61438e-26
0 1.24 1.05115e-25
0 1.25 1.15502e-25
0 1.26 1.27626e-25
0 1.27 1.41904e-25
0 1.28 1.58887e-25
0 1.29 1.79319e-25
0 1.3 2.04215e-25
0 1.31 2.34997e-25
0 1.32 2.73701e-25
0 1.33 3.23332e-25
0 1.34 3.88467e-25
0 1.35 4.76355e-25
0 1.36 5.99028e-25
0 1.37 7.77616e-25
0 1.38 1.05197e-24
0 1.39 1.50434e-24
0 1.4 2.32597e-24
0 1.41 4.03818e-24
0 1.42 8.3787e-24
0 1.43 2.14221e-23
0 1.44 3.42953e-23
0 1.45 1.48924e-23
0 1.46 6.23457e-24
0 1.47 3.26864e-24
0 1.48 2.0103e-24
0 1.49 1.38435e-24
0 1.5 1.04527e-24
0 1.51 8.65574e-25
0 1.52 8.08601e-25
0 1.53 9.16769e-25
0 1.54 1.18602e-24
0 1.55 1.92868e-24
0 1.56 3.73535e-24
0 1.57 2.2946e-24
0 1.58 1.13721e-24
0 1.59 9.06425e-25
0 1.6 1.17827e-24
0 1.61 8.53252e-25
0 1.62 4.93963e-25
0 1.63 3.68551e-25
0 1.64 3.22137e-25
0 1.65 3.11647e-25
0 1.66 3.2828e-25
0 1.67 3.79683e-25
0 1.68 5.01337e-25
0 1.69 8.18306e-25
0 1.7 1.25503e-24
0 1.71 1.28046e-24
0 1.72 2.16141e-24
0 1.73 4.36509e-24
0 1.74 3.68866e-24
0 1.75 3.75661e-24
0 1.76 6.58658e-24
0 1.77 4.03426e-24
0 1.78 1.70147e-24
0 1.79 9.19143e-25
0 1.8 6.05394e-25
0 1.81 4.5967e-25
0 1.82 3.92255e-25
0 1.83 3.74788e-25
0 1.84 4.07697e-25
0 1.85 5.2958e-25
0 1.86 8.83231e-25
0 1.87 1.2903e-24
0 1.88 1.62843e-24
0 1.89 3.55823e-24
0 1.9 4.57292e-24
0 1.91 1.90427e-24
0 1.92 8.82008e-25
0 1.93 5.19927e-25
0 1.94 3.64771e-25
0 1.95 2.97245e-25
0 1.96 2.9544e-25
0 1.97 2.98806e-25
0 1.98 2.45764e-25
0 1.99 2.56204e-25
0 2 3.57261e-25
0 2.01 6.97999e-25
0 2.02 8.10048e-25
0 2.03 4.06907e-25
0 2.04 2.72953e-25
0 2.05 2.57829e-25
0 2.06 3.44411e-25
0 2.07 5.186e-25
0 2.08 3.52514e-25
0 2.09 2.62191e-25
0 2.1 2.53124e-25
0 2.11 2.7989e-25
0 2.12 3.38667e-25
0 2.13 4.46285e-25
0 2.14 6.5271e-25
0 2.15 1.10792e-24
0 2.16 2.35133e-24
0 2.17 5.69916e-24
0 2.18 4.85755e-24
0 2.19 2.29458e-24
0 2.2 1.8542e-24
0 2.21 2.9107e-24
0 2.22 5.75534e-24
0 2.23 3.46685e-24
0 2.24 1.50548e-24
0 2.25 8.66212e-25
0 2.26 6.34045e-25
0 2.27 5.67829e-25
0 2.28 6.21074e-25
0 2.29 8.54111e-25
0 2.3 1.56644e-24
0 2.31 3.72581e-24
0 2.32 4.11162e-24
0 2.33 1.90946e-24
0 2.34 1.51685e-24
0 2.35 1.94083e-24
0 2.36 1.0708e-24
0 2.37 5.67371e-25
0 2.38 3.88515e-25
0 2.39 3.17179e-25
0 2.4 2.96663e-25
0 2.41 3.19235e-25
0 2.42 4.15567e-25
0 2.43 7.24966e-25
0 2.44 1.48716e-24
0 2.45 1.0696e-24
0 2.46 5.53536e-25
0 2.47 4.12901e-25
0 2.48 4.06632e-25
0 2.49 4.95361e-25
0 2.5 7.62421e-25
0 2.51 1.56294e-24
0 2.52 2.2195e-24
0 2.53 1.30224e-24
0 2.54 1.13265e-24
0 2.55 1.54112e-24
0 2.56 2.92232e-24
0 2.57 7.28037e-24
0 2.58 1.01127e-23
0 2.59 4.21898e-24
0 2.6 1.89875e-24
0 2.61 1.10517e-24
0 2.62 7.92445e-25
0 2.63 6.90776e-25
0 2.64 7.52091e-25
0 2.65 1.08906e-24
0 2.66 2.24481e-24
0 2.67 4.38582e-24
0 2.68 2.38242e-24
0 2.69 1.07179e-24
0 2.7 6.52495e-25
0 2.71 5.13549e-25
0 2.72 5.09912e-25
0 2.73 6.55701e-25
0 2.74 1.16762e-24
0 2.75 2.6966e-24
0 2.76 2.53035e-24
0 2.77 1.07014e-24
0 2.78 5.82477e-25
0 2.79 4.20335e-25
0 2.8 3.83433e-25
0 2.81 4.4572e-25
0 2.82 7.05314e-25
0 2.83 1.54719e-24
0 2.84 1.84789e-24
0 2.85 8.3046e-25
0 2.86 4.67525e-25
0 2.87 3.59452e-25
0 2.88 3.49303e-25
0 2.89 4.1588e-25
0 2.9 6.16606e-25
0 2.91 1.20567e-24
0 2.92 2.91152e-24
0 2.93 2.75702e-24
0 2.94 1.13725e-24
0 2.95 5.93684e-25
0 2.96 4.05203e-25
0 2.97 3.40183e-25
0 2.98 3.43562e-25
0 2.99 4.26433e-25
0 3 6.98906e-25
0 3.01 1.54318e-24
0 3.02 1.77853e-24
0 3.03 8.1984e-25
0 3.04 4.92165e-25
0 3.05 4.05058e-25
0 3.06 4.14999e-25
0 3.07 5.07668e-25
0 3.08 7.53909e-25
0 3.09 1.45698e-24
0 3.1 3.09329e-24
0 3.11 2.26528e-24
0 3.12 1.40963e-24
0 3.13 1.51799e-24
0 3.14 2.52384e-24
0.523599 0 -0.0210897
0.523599 0.01 -0.0214652
0.523599 0.02 -0.0218572
0.523599 0.03 -0.0222673
0.523599 0.04 -0.022697
0.523599 0.05 -0.0231479
0.523599 0.06 -0.0236221
0.523599 0.07 -0.0241219
0.523599 0.08 -0.0246499
0.523599 0.09 -0.0252092
0.523599 0.1 -0.0258033
0.523599 0.11 -0.0264364
0.523599 0.12 -0.0271135
0.523599 0.13 -0.0278404
0.523599 0.14 -0.0286243
0.523599 0.15 -0.0294736
0.523599 0.16 -0.0303986
0.523599 0.17 -0.0314119
0.523599 0.18 -0.0325283
0.523599 0.19 -0.0337651
0.523599 0.2 -0.0351408
0.523599 0.21 -0.0366705
0.523599 0.22 -0.0383504
0.523599 0.23 -0.0401084
0.523599 0.24 -0.041633
0.523599 0.25 -0.0416973
0.523599 0.26 -0.0349124
0.523599 0.27 0.0072892
0.523599 0.28 0.166319
0.523599 0.29 0.144759
0.523599 0.3 0.0645475
0.523599 0.31 0.0285426
0.523599 0.32 0.0104608
0.523599 0.33 -0.000210729
0.523599 0.34 -0.00732697
0.523599 0.35 -0.0125283
0.523599 0.36 -0.016611
0.523599 0.37 -0.0200044
0.523599 0.38 -0.0229602
0.523599 0.39 -0.025637
0.523599 0.4 -0.0281415
0.523599 0.41 -0.0305499
0.523599 0.42 -0.0329205
0.523599 0.43 -0.0353007
0.523599 0.44 -0.0377318
0.523599 0.45 -0.0402524
0.523599 0.46 -0.0429008
0.523599 0.47 -0.0457169
0.523599 0.48 -0.0487445
0.523599 0.49 -0.0520332
0.523599 0.5 -0.0556407
0.523599 0.51 -0.0596351
0.523599 0.52 -0.0640973
0.523599 0.53 -0.0691232
0.523599 0.54 -0.0748222
0.523599 0.55 -0.0813067
0.523599 0.56 -0.0886538
0.523599 0.57 -0.0967808
0.523599 0.58 -0.105039
0.523599 0.59 -0.110775
0.523599 0.6 -0.103447
0.523599 0.61 -0.0349245
0.523599 0.62 0.353991
0.523599 0.63 1.37519
0.523599 0.64 0.948899
0.523599 0.65 0.520079
0.523599 0.66 0.330373
0.523599 0.67 0.233765
0.523599 0.68 0.177093
0.523599 0.69 0.140287
0.523599 0.7 0.114556
0.523599 0.71 0.095543
0.523599 0.72 0.080871
0.523599 0.73 0.0691425
0.523599 0.74 0.0594843
0.523599 0.75 0.0513226
0.523599 0.76 0.0442638
0.523599 0.77 0.0380266
0.523599 0.78 0.0324028
0.523599 0.79 0.0272318
0.523599 0.8 0.0223847
0.523599 0.81 0.0177533
0.523599 0.82 0.0132423
0.523599 0.83 0.00876282
0.523599 0.84 0.00422818
0.523599 0.85 -0.000449914
0.523599 0.86 -0.00536284
0.523599 0.87 -0.0106015
0.523599 0.88 -0.0162386
0.523599 0.89 -0.0222681
0.523599 0.9 -0.0284083
0.523599 0.91 -0.0334163
0.523599 0.92 -0.0323713
0.523599 0.93 -0.00354765
0.523599 0.94 0.168459
0.523599 0.95 0.787476
0.523599 0.96 0.70009
0.523599 0.97 0.391092
0.523599 0.98 0.25256
0.523599 0.99 0.18427
0.523599 1 0.145157
0.523599 1.01 0.120165
0.523599 1.02 0.102899
0.523599 1.03 0.0902648
0.523599 1.04 0.0806069
0.523599 1.05 0.0729666
0.523599 1.06 0.0667527
0.523599 1.07 0.0615823
0.523599 1.08 0.0571965
0.523599 1.09 0.0534138
0.523599 1.1 0.0501029
0.523599 1.11 0.0471665
0.523599 1.12 0.0445298
0.523599 1.13 0.0421346
0.523599 1.14 0.0399339
0.523599 1.15 0.0378894
0.523599 1.16 0.0359703
0.523599 1.17 0.0341549
0.523599 1.18 0.0324418
0.523599 1.19 0.0308946
0.523599 1.2 0.0298486
0.523599 1.21 0.0310739
0.523599 1.22 0.0424982
0.523599 1.23 0.0470594
0.523599 1.24 0.0373122
0.523599 1.25 0.0349919
0.523599 1.26 0.0485505
0.523599 1.27 0.0911754
0.523599 1.28 0.0720632
0.523599 1.29 0.0520873
0.523599 1.3 0.042782
0.523599 1.31 0.0376845
0.523599 1.32 0.0344195
0.523599 1.33 0.0320839
0.523599 1.34 0.030278
0.523599 1.35 0.0288006
0.523599 1.36 0.0275403
0.523599 1.37 0.0264313
0.523599 1.38 0.0254376
0.523599 1.39 0.0245555
0.523599 1.4 0.0238607
0.523599 1.41 0.0237528
0.523599 1.42 0.0263979
0.523599 1.43 0.0387694
0.523599 1.44 0.0376406
0.523599 1.45 0.0302855
0.523599 1.46 0.0267439
0.523599 1.47 0.0247921
0.523599 1.48 0.0235053
0.523599 1.49 0.0225485
0.523599 1.5 0.0217907
0.523599 1.51 0.0212127
0.523599 1.52 0.0210188
0.523599 1.53 0.0224541
0.523599 1.54 0.0249123
0.523599 1.55 0.0226395
0.523599 1.56 0.021548
0.523599 1.57 0.0206
0.523599 1.58 0.0197141
0.523599 1.59 0.0191715
0.523599 1.6 0.0190165
0.523599 1.61 0.0186591
0.523599 1.62 0.0180966
0.523599 1.63 0.0176721
0.523599 1.64 0.0173168
0.523599 1.65 0.0169979
0.523599 1.66 0.0167018
0.523599 1.67 0.0164218
0.523599 1.68 0.0161547
0.523599 1.69 0.0158997
0.523599 1.7 0.015662
0.523599 1.71 0.0154709
0.523599 1.72 0.0154863
0.523599 1.73 0.0162155
0.523599 1.74 0.0159833
0.523599 1.75 0.015271
0.523599 1.76 0.0148236
0.523599 1.77 0.0145007
0.523599 1.78 0.0142289
0.523599 1.79 0.0139809
0.523599 1.8 0.013745
0.523599 1.81 0.0135165
0.523599 1.82 0.0132973
0.523599 1.83 0.0131051
0.523599 1.84 0.0130183
0.523599 1.85 0.0134125
0.523599 1.86 0.0162802
0.523599 1.87 0.0211643
0.523599 1.88 0.0177829
0.523599 1.89 0.015538
0.523599 1.9 0.0144521
0.523599 1.91 0.0138167
0.523599 1.92 0.0133813
0.523599 1.93 0.0130496
0.523599 1.94 0.0127829
0.523599 1.95 0.0125857
0.523599 1.96 0.012567
0.523599 1.97 0.012463
0.523599 1.98 0.0121499
0.523599 1.99 0.0119705
0.523599 2 0.012093
0.523599 2.01 0.013307
0.523599 2.02 0.0133918
0.523599 2.03 0.0124026
0.523599 2.04 0.0119139
0.523599 2.05 0.0117954
0.523599 2.06 0.012616
0.523599 2.07 0.0147432
0.523599 2.08 0.013423
0.523599 2.09 0.0123405
0.523599 2.1 0.0117932
0.523599 2.11 0.0114567
0.523599 2.12 0.0112139
0.523599 2.13 0.0110198
0.523599 2.14 0.0108545
0.523599 2.15 0.0107094
0.523599 2.16 0.0105873
0.523599 2.17 0.0105313
0.523599 2.18 0.0105383
0.523599 2.19 0.0103752
0.523599 2.2 0.0103459
0.523599 2.21 0.0106165
0.523599 2.22 0.0105004
0.523599 2.23 0.0106303
0.523599 2.24 0.0103838
0.523599 2.25 0.0100639
0.523599 2.26 0.00986631
0.523599 2.27 0.00971964
0.523599 2.28 0.00959534
0.523599 2.29 0.00948226
0.523599 2.3 0.00937549
0.523599 2.31 0.00927334
0.523599 2.32 0.00917836
0.523599 2.33 0.00910674
0.523599 2.34 0.00914241
0.523599 2.35 0.0096802
0.523599 2.36 0.0101093
0.523599 2.37 0.0102182
0.523599 2.38 0.0112051
0.523599 2.39 0.0102986
0.523599 2.4 0.00963839
0.523599 2.41 0.00929465
0.523599 2.42 0.00907708
0.523599 2.43 0.00891826
0.523599 2.44 0.00879745
0.523599 2.45 0.00873199
0.523599 2.46 0.00887619
0.523599 2.47 0.00950053
0.523599 2.48 0.00917261
0.523599 2.49 0.00878352
0.523599 2.5 0.00858102
0.523599 2.51 0.00849626
0.523599 2.52 0.00869068
0.523599 2.53 0.00937149
0.523599 2.54 0.00896001
0.523599 2.55 0.00858109
0.523599 2.56 0.00846129
0.523599 2.57 0.00875762
0.523599 2.58 0.00884818
0.523599 2.59 0.0084498
0.523599 2.6 0.00822341
0.523599 2.61 0.00808157
0.523599 2.62 0.00797523
0.523599 2.63 0.00788694
0.523599 2.64 0.00781136
0.523599 2.65 0.00775463
0.523599 2.66 0.00776555
0.523599 2.67 0.0080533
0.523599 2.68 0.00808872
0.523599 2.69 0.00780167
0.523599 2.7 0.00763831
0.523599 2.71 0.00753385
0.523599 2.72 0.0074635
0.523599 2.73 0.00745421
0.523599 2.74 0.00771072
0.523599 2.75 0.00852454
0.523599 2.76 0.00813662
0.523599 2.77 0.00771826
0.523599 2.78 0.00750731
0.523599 2.79 0.00737817
0.523599 2.8 0.00728575
0.523599 2.81 0.00721757
0.523599 2.82 0.00719209
0.523599 2.83 0.00729948
0.523599 2.84 0.00725589
0.523599 2.85 0.00710979
0.523599 2.86 0.00701748
0.523599 2.87 0.00694866
0.523599 2.88 0.00689014
0.523599 2.89 0.00683801
0.523599 2.9 0.00679485
0.523599 2.91 0.00678358
0.523599 2.92 0.00691728
0.523599 2.93 0.00699358
0.523599 2.94 0.00681803
0.523599 2.95 0.00675298
0.523599 2.96 0.00692578
0.523599 2.97 0.00745848
0.523599 2.98 0.0071405
0.523599 2.99 0.00685495
0.523599 3 0.00670706
0.523599 3.01 0.00661345
0.523599 3.02 0.00654443
0.523599 3.03 0.00649081
0.523599 3.04 0.00645866
0.523599 3.05 0.00650596
0.523599 3.06 0.00668814
0.523599 3.07 0.00654797
0.523599 3.08 0.00641875
0.523599 3.09 0.0063422
0.523599 3.1 0.00628658
0.523599 3.11 0.00624031
0.523599 3.12 0.00619893
0.523599 3.13 0.00616047
0.523599 3.14 0.00612407
1.0472 0 -0.0375109
1.0472 0.01 -0.0378688
1.0472 0.02 -0.0382362
1.0472 0.03 -0.038614
1.0472 0.04 -0.0390027
1.0472 0.05 -0.0394032
1.0472 0.06 -0.0398164
1.0472 0.07 -0.0402434
1.0472 0.08 -0.0406854
1.0472 0.09 -0.0411439
1.0472 0.1 -0.0416206
1.0472 0.11 -0.0421175
1.0472 0.12 -0.0426371
1.0472 0.13 -0.0431824
1.0472 0.14 -0.0437572
1.0472 0.15 -0.0443662
1.0472 0.16 -0.0450155
1.0472 0.17 -0.0457131
1.0472 0.18 -0.0464695
1.0472 0.19 -0.0472992
1.0472 0.2 -0.0482225
1.0472 0.21 -0.0492683
1.0472 0.22 -0.0504794
1.0472 0.23 -0.0519192
1.0472 0.24 -0.0536781
1.0472 0.25 -0.0558462
1.0472 0.26 -0.0581771
1.0472 0.27 -0.0568388
1.0472 0.28 -0.028184
1.0472 0.29 -0.0150299
1.0472 0.3 -0.0270546
1.0472 0.31 -0.0345406
1.0472 0.32 -0.0390111
1.0472 0.33 -0.0420327
1.0472 0.34 -0.044302
1.0472 0.35 -0.0461477
1.0472 0.36 -0.0477412
1.0472 0.37 -0.0491801
1.0472 0.38 -0.0505245
1.0472 0.39 -0.0518142
1.0472 0.4 -0.0530773
1.0472 0.41 -0.054335
1.0472 0.42 -0.0556047
1.0472 0.43 -0.0569014
1.0472 0.44 -0.0582391
1.0472 0.45 -0.0596321
1.0472 0.46 -0.0610954
1.0472 0.47 -0.0626457
1.0472 0.48 -0.0643027
1.0472 0.49 -0.0660898
1.0472 0.5 -0.0680363
1.0472 0.51 -0.0701794
1.0472 0.52 -0.0725677
1.0472 0.53 -0.0752662
1.0472 0.54 -0.0783643
1.0472 0.55 -0.0819879
1.0472 0.56 -0.0863193
1.0472 0.57 -0.0916278
1.0472 0.58 -0.0983139
1.0472 0.59 -0.106933
1.0472 0.6 -0.117896
1.0472 0.61 -0.128289
1.0472 0.62 -0.101336
1.0472 0.63 0.102877
1.0472 0.64 0.117498
1.0472 0.65 0.0537852
1.0472 0.66 0.017658
1.0472 0.67 -0.00334851
1.0472 0.68 -0.0169535
1.0472 0.69 -0.0265849
1.0472 0.7 -0.0338897
1.0472 0.71 -0.0397384
1.0472 0.72 -0.0446301
1.0472 0.73 -0.0488709
1.0472 0.74 -0.0526592
1.0472 0.75 -0.0561303
1.0472 0.76 -0.0593806
1.0472 0.77 -0.0624821
1.0472 0.78 -0.0654908
1.0472 0.79 -0.0684526
1.0472 0.8 -0.0714073
1.0472 0.81 -0.0743913
1.0472 0.82 -0.0774404
1.0472 0.83 -0.0805918
1.0472 0.84 -0.083887
1.0472 0.85 -0.0873751
1.0472 0.86 -0.0911175
1.0472 0.87 -0.0951945
1.0472 0.88 -0.0997169
1.0472 0.89 -0.104842
1.0472 0.9 -0.110799
1.0472 0.91 -0.11791
1.0472 0.92 -0.12648
1.0472 0.93 -0.135557
1.0472 0.94 -0.130849
1.0472 0.95 -0.0309092
1.0472 0.96 0.00509927
1.0472 0.97 -0.037022
1.0472 0.98 -0.0637949
1.0472 0.99 -0.0808004
1.0472 1 -0.0932335
1.0472 1.01 -0.103426
1.0472 1.02 -0.112505
1.0472 1.03 -0.121089
1.0472 1.04 -0.129561
1.0472 1.05 -0.138192
1.0472 1.06 -0.147204
1.0472 1.07 -0.156798
1.0472 1.08 -0.167184
1.0472 1.09 -0.178594
1.0472 1.1 -0.191306
1.0472 1.11 -0.205668
1.0472 1.12 -0.222131
1.0472 1.13 -0.241298
1.0472 1.14 -0.264004
1.0472 1.15 -0.291434
1.0472 1.16 -0.325316
1.0472 1.17 -0.368211
1.0472 1.18 -0.423852
1.0472 1.19 -0.496716
1.0472 1.2 -0.584126
1.0472 1.21 -0.599091
1.0472 1.22 0.223798
1.0472 1.23 1.43674
1.0472 1.24 0.951622
1.0472 1.25 0.580784
1.0472 1.26 0.405517
1.0472 1.27 0.474859
1.0472 1.28 0.411752
1.0472 1.29 0.292571
1.0472 1.3 0.212637
1.0472 1.31 0.155299
1.0472 1.32 0.110081
1.0472 1.33 0.0715889
1.0472 1.34 0.0366242
1.0472 1.35 0.00292036
1.0472 1.36 -0.0314754
1.0472 1.37 -0.0686057
1.0472 1.38 -0.110961
1.0472 1.39 -0.161761
1.0472 1.4 -0.224262
1.0472 1.41 -0.292213
1.0472 1.42 -0.257121
1.0472 1.43 0.610255
1.0472 1.44 1.13112
1.0472 1.45 0.754164
1.0472 1.46 0.516947
1.0472 1.47 0.379568
1.0472 1.48 0.289282
1.0472 1.49 0.221999
1.0472 1.5 0.165689
1.0472 1.51 0.114273
1.0472 1.52 0.0747088
1.0472 1.53 0.156566
1.0472 1.54 0.527597
1.0472 1.55 0.452771
1.0472 1.56 0.380668
1.0472 1.57 0.337125
1.0472 1.58 0.274091
1.0472 1.59 0.233778
1.0472 1.6 0.231294
1.0472 1.61 0.234378
1.0472 1.62 0.204405
1.0472 1.63 0.181428
1.0472 1.64 0.164106
1.0472 1.65 0.14987
1.0472 1.66 0.137378
1.0472 1.67 0.125824
1.0472 1.68 0.114598
1.0472 1.69 0.103124
1.0472 1.7 0.0907721
1.0472 1.71 0.0770027
1.0472 1.72 0.0633973
1.0472 1.73 0.073375
1.0472 1.74 0.228394
1.0472 1.75 0.267974
1.0472 1.76 0.208674
1.0472 1.77 0.172919
1.0472 1.78 0.151344
1.0472 1.79 0.136676
1.0472 1.8 0.125653
1.0472 1.81 0.116671
1.0472 1.82 0.108822
1.0472 1.83 0.101506
1.0472 1.84 0.0943844
1.0472 1.85 0.0884608
1.0472 1.86 0.0968658
1.0472 1.87 0.145002
1.0472 1.88 0.13577
1.0472 1.89 0.119109
1.0472 1.9 0.108967
1.0472 1.91 0.102209
1.0472 1.92 0.0972007
1.0472 1.93 0.0932007
1.0472 1.94 0.0898409
1.0472 1.95 0.0869194
1.0472 1.96 0.084322
1.0472 1.97 0.0819659
1.0472 1.98 0.0797754
1.0472 1.99 0.0777351
1.0472 2 0.0758836
1.0472 2.01 0.0747082
1.0472 2.02 0.0736094
1.0472 2.03 0.0717372
1.0472 2.04 0.0700236
1.0472 2.05 0.0684547
1.0472 2.06 0.067026
1.0472 2.07 0.0658551
1.0472 2.08 0.0644853
1.0472 2.09 0.0630796
1.0472 2.1 0.0617191
1.0472 2.11 0.0603741
1.0472 2.12 0.0590181
1.0472 2.13 0.0576229
1.0472 2.14 0.0561524
1.0472 2.15 0.0545574
1.0472 2.16 0.0527796
1.0472 2.17 0.0508436
1.0472 2.18 0.0497663
1.0472 2.19 0.0585176
1.0472 2.2 0.0715204
1.0472 2.21 0.0650849
1.0472 2.22 0.0619583
1.0472 2.23 0.063922
1.0472 2.24 0.0606685
1.0472 2.25 0.0578172
1.0472 2.26 0.0557833
1.0472 2.27 0.0541529
1.0472 2.28 0.0527895
1.0472 2.29 0.0515813
1.0472 2.3 0.0504608
1.0472 2.31 0.0493807
1.0472 2.32 0.0483005
1.0472 2.33 0.0471858
1.0472 2.34 0.0460646
1.0472 2.35 0.0456059
1.0472 2.36 0.0504648
1.0472 2.37 0.0533895
1.0472 2.38 0.050313
1.0472 2.39 0.0481272
1.0472 2.4 0.0466796
1.0472 2.41 0.0464477
1.0472 2.42 0.0473889
1.0472 2.43 0.0460265
1.0472 2.44 0.0447526
1.0472 2.45 0.0437628
1.0472 2.46 0.0432915
1.0472 2.47 0.044394
1.0472 2.48 0.0437136
1.0472 2.49 0.0425545
1.0472 2.5 0.0417459
1.0472 2.51 0.0420674
1.0472 2.52 0.0428342
1.0472 2.53 0.0417577
1.0472 2.54 0.0408539
1.0472 2.55 0.0401529
1.0472 2.56 0.0395541
1.0472 2.57 0.039009
1.0472 2.58 0.0384927
1.0472 2.59 0.0379894
1.0472 2.6 0.0374889
1.0472 2.61 0.0370026
1.0472 2.62 0.0367401
1.0472 2.63 0.0372956
1.0472 2.64 0.0367884
1.0472 2.65 0.0360067
1.0472 2.66 0.0353285
1.0472 2.67 0.0348577
1.0472 2.68 0.0360756
1.0472 2.69 0.0384346
1.0472 2.7 0.0370968
1.0472 2.71 0.0359463
1.0472 2.72 0.0351385
1.0472 2.73 0.0344849
1.0472 2.74 0.0339175
1.0472 2.75 0.0336489
1.0472 2.76 0.0351484
1.0472 2.77 0.0355789
1.0472 2.78 0.0345437
1.0472 2.79 0.0338058
1.0472 2.8 0.0332592
1.0472 2.81 0.0328053
1.0472 2.82 0.0324095
1.0472 2.83 0.0321657
1.0472 2.84 0.0324181
1.0472 2.85 0.0321122
1.0472 2.86 0.0316542
1.0472 2.87 0.0312745
1.0472 2.88 0.0309355
1.0472 2.89 0.0306277
1.0472 2.9 0.0304769
1.0472 2.91 0.0308037
1.0472 2.92 0.0305069
1.0472 2.93 0.0300968
1.0472 2.94 0.0297618
1.0472 2.95 0.0294641
1.0472 2.96 0.0291842
1.0472 2.97 0.0289328
1.0472 2.98 0.0288896
1.0472 2.99 0.0289868
1.0472 3 0.0286299
1.0472 3.01 0.0282909
1.0472 3.02 0.027985
1.0472 3.03 0.0276853
1.0472 3.04 0.0273913
1.0472 3.05 0.0272653
1.0472 3.06 0.0284005
1.0472 3.07 0.0289626
1.0472 3.08 0.0282345
1.0472 3.09 0.027721
1.0472 3.1 0.0273585
1.0472 3.11 0.02707
1.0472 3.12 0.0268207
1.0472 3.13 0.0265942
1.0472 3.14 0.0263813
1.5708 0 -0.215082
1.5708 0.01 -0.216698
1.5708 0.02 -0.218345
1.5708 0.03 -0.220026
1.5708 0.04 -0.221741
1.5708 0.05 -0.223493
1.5708 0.06 -0.225283
1.5708 0.07 -0.227114
1.5708 0.08 -0.228988
1.5708 0.09 -0.230908
1.5708 0.1 -0.232877
1.5708 0.11 -0.2349
1.5708 0.12 -0.23698
1.5708 0.13 -0.239123
1.5708 0.14 -0.241336
1.5708 0.15 -0.243628
1.5708 0.16 -0.246008
1.5708 0.17 -0.248491
1.5708 0.18 -0.251094
1.5708 0.19 -0.253844
1.5708 0.2 -0.256776
1.5708 0.21 -0.259944
1.5708 0.22 -0.263432
1.5708 0.23 -0.267379
1.5708 0.24 -0.272027
1.5708 0.25 -0.277814
1.5708 0.26 -0.285446
1.5708 0.27 -0.293824
1.5708 0.28 -0.275599
1.5708 0.29 -0.247774
1.5708 0.3 -0.255217
1.5708 0.31 -0.263674
1.5708 0.32 -0.270351
1.5708 0.33 -0.275955
1.5708 0.34 -0.280984
1.5708 0.35 -0.285715
1.5708 0.36 -0.290309
1.5708 0.37 -0.294871
1.5708 0.38 -0.299471
1.5708 0.39 -0.304164
1.5708 0.4 -0.308996
1.5708 0.41 -0.31401
1.5708 0.42 -0.319247
1.5708 0.43 -0.324754
1.5708 0.44 -0.330578
1.5708 0.45 -0.336778
1.5708 0.46 -0.34342
1.5708 0.47 -0.350588
1.5708 0.48 -0.358384
1.5708 0.49 -0.366937
1.5708 0.5 -0.376414
1.5708 0.51 -0.387035
1.5708 0.52 -0.399096
1.5708 0.53 -0.41301
1.5708 0.54 -0.429358
1.5708 0.55 -0.449002
1.5708 0.56 -0.473254
1.5708 0.57 -0.504219
1.5708 0.58 -0.545446
1.5708 0.59 -0.60325
1.5708 0.6 -0.689155
1.5708 0.61 -0.819363
1.5708 0.62 -0.921321
1.5708 0.63 -0.181867
1.5708 0.64 0.272254
1.5708 0.65 0.134185
1.5708 0.66 0.0150966
1.5708 0.67 -0.0632588
1.5708 0.68 -0.117089
1.5708 0.69 -0.1564
1.5708 0.7 -0.186671
1.5708 0.71 -0.211019
1.5708 0.72 -0.231319
1.5708 0.73 -0.248757
1.5708 0.74 -0.264118
1.5708 0.75 -0.277945
1.5708 0.76 -0.290622
1.5708 0.77 -0.302435
1.5708 0.78 -0.313597
1.5708 0.79 -0.324278
1.5708 0.8 -0.334612
1.5708 0.81 -0.344712
1.5708 0.82 -0.354677
1.5708 0.83 -0.364596
1.5708 0.84 -0.374555
1.5708 0.85 -0.384642
1.5708 0.86 -0.394958
1.5708 0.87 -0.40562
1.5708 0.88 -0.416787
1.5708 0.89 -0.428683
1.5708 0.9 -0.441657
1.5708 0.91 -0.456301
1.5708 0.92 -0.473665
1.5708 0.93 -0.49538
1.5708 0.94 -0.518245
1.5708 0.95 -0.47612
1.5708 0.96 -0.422694
1.5708 0.97 -0.44525
1.5708 0.98 -0.469399
1.5708 0.99 -0.489872
1.5708 1 -0.508329
1.5708 1.01 -0.525925
1.5708 1.02 -0.543338
1.5708 1.03 -0.561006
1.5708 1.04 -0.57925
1.5708 1.05 -0.598341
1.5708 1.06 -0.618542
1.5708 1.07 -0.64013
1.5708 1.08 -0.663422
1.5708 1.09 -0.688799
1.5708 1.1 -0.716742
1.5708 1.11 -0.747872
1.5708 1.12 -0.783026
1.5708 1.13 -0.823357
1.5708 1.14 -0.870519
1.5708 1.15 -0.926969
1.5708 1.16 -0.996527
1.5708 1.17 -1.08543
1.5708 1.18 -1.20445
1.5708 1.19 -1.37312
1.5708 1.2 -1.6253
1.5708 1.21 -1.96747
1.5708 1.22 -1.57651
1.5708 1.23 0.49634
1.5708 1.24 0.443233
1.5708 1.25 0.0917807
1.5708 1.26 -0.155387
1.5708 1.27 -0.18488
1.5708 1.28 -0.218047
1.5708 1.29 -0.33644
1.5708 1.3 -0.437409
1.5708 1.31 -0.522232
1.5708 1.32 -0.597417
1.5708 1.33 -0.667282
1.5708 1.34 -0.734724
1.5708 1.35 -0.801913
1.5708 1.36 -0.870694
1.5708 1.37 -0.942886
1.5708 1.38 -1.02056
1.5708 1.39 -1.10644
1.5708 1.4 -1.20457
1.5708 1.41 -1.32092
1.5708 1.42 -1.45244
1.5708 1.43 -1.4429
1.5708 1.44 -1.35512
1.5708 1.45 -1.51959
1.5708 1.46 -1.71799
1.5708 1.47 -1.93637
1.5708 1.48 -2.19042
1.5708 1.49 -2.50045
1.5708 1.5 -2.89528
1.5708 1.51 -3.42092
1.5708 1.52 -4.15706
1.5708 1.53 -5.24848
1.5708 1.54 -6.93002
1.5708 1.55 -8.90683
1.5708 1.56 -2.44626
1.5708 1.57 8.48038
1.5708 1.58 7.06757
1.5708 1.59 5.20162
1.5708 1.6 3.97866
1.5708 1.61 3.16381
1.5708 1.62 2.58735
1.5708 1.63 2.1572
1.5708 1.64 1.82106
1.5708 1.65 1.54741
1.5708 1.66 1.31592
1.5708 1.67 1.11235
1.5708 1.68 0.925499
1.5708 1.69 0.744995
1.5708 1.7 0.558852
1.5708 1.71 0.350031
1.5708 1.72 0.095008
1.5708 1.73 -0.155985
1.5708 1.74 0.502055
1.5708 1.75 1.17008
1.5708 1.76 0.920618
1.5708 1.77 0.665097
1.5708 1.78 0.454165
1.5708 1.79 0.262017
1.5708 1.8 0.0674935
1.5708 1.81 -0.148821
1.5708 1.82 -0.411268
1.5708 1.83 -0.758231
1.5708 1.84 -1.25607
1.5708 1.85 -1.98169
1.5708 1.86 -2.26031
1.5708 1.87 2.25392
1.5708 1.88 3.60737
1.5708 1.89 2.85036
1.5708 1.9 2.2711
1.5708 1.91 1.88745
1.5708 1.92 1.61985
1.5708 1.93 1.42152
1.5708 1.94 1.26662
1.5708 1.95 1.14008
1.5708 1.96 1.03258
1.5708 1.97 0.937911
1.5708 1.98 0.850937
1.5708 1.99 0.767903
1.5708 2 0.684948
1.5708 2.01 0.597454
1.5708 2.02 0.498899
1.5708 2.03 0.378632
1.5708 2.04 0.218238
1.5708 2.05 -0.0060245
1.5708 2.06 -0.149743
1.5708 2.07 1.03408
1.5708 2.08 1.54483
1.5708 2.09 1.313
1.5708 2.1 1.1224
1.5708 2.11 0.989777
1.5708 2.12 0.890825
1.5708 2.13 0.810146
1.5708 2.14 0.737824
1.5708 2.15 0.665768
1.5708 2.16 0.589473
1.5708 2.17 0.570895
1.5708 2.18 0.64137
1.5708 2.19 0.654695
1.5708 2.2 0.856894
1.5708 2.21 0.820565
1.5708 2.22 0.756031
1.5708 2.23 0.715762
1.5708 2.24 0.681078
1.5708 2.25 0.649651
1.5708 2.26 0.622995
1.5708 2.27 0.599681
1.5708 2.28 0.578622
1.5708 2.29 0.55904
1.5708 2.3 0.540293
1.5708 2.31 0.521729
1.5708 2.32 0.502517
1.5708 2.33 0.48139
1.5708 2.34 0.456435
1.5708 2.35 0.429569
1.5708 2.36 0.450637
1.5708 2.37 0.498717
1.5708 2.38 0.550328
1.5708 2.39 0.530333
1.5708 2.4 0.50629
1.5708 2.41 0.487783
1.5708 2.42 0.472946
1.5708 2.43 0.460375
1.5708 2.44 0.44926
1.5708 2.45 0.439109
1.5708 2.46 0.429618
1.5708 2.47 0.4212
1.5708 2.48 0.414439
1.5708 2.49 0.406234
1.5708 2.5 0.397797
1.5708 2.51 0.389171
1.5708 2.52 0.379901
1.5708 2.53 0.36926
1.5708 2.54 0.357249
1.5708 2.55 0.36214
1.5708 2.56 0.396826
1.5708 2.57 0.390155
1.5708 2.58 0.379131
1.5708 2.59 0.370193
1.5708 2.6 0.362749
1.5708 2.61 0.357088
1.5708 2.62 0.352022
1.5708 2.63 0.346489
1.5708 2.64 0.341239
1.5708 2.65 0.336238
1.5708 2.66 0.3314
1.5708 2.67 0.32664
1.5708 2.68 0.321869
1.5708 2.69 0.317003
1.5708 2.7 0.312586
1.5708 2.71 0.310243
1.5708 2.72 0.305342
1.5708 2.73 0.299193
1.5708 2.74 0.291954
1.5708 2.75 0.28445
1.5708 2.76 0.296653
1.5708 2.77 0.314711
1.5708 2.78 0.30804
1.5708 2.79 0.300949
1.5708 2.8 0.297122
1.5708 2.81 0.293796
1.5708 2.82 0.289527
1.5708 2.83 0.285645
1.5708 2.84 0.282104
1.5708 2.85 0.278797
1.5708 2.86 0.27565
1.5708 2.87 0.272614
1.5708 2.88 0.269643
1.5708 2.89 0.266691
1.5708 2.9 0.263695
1.5708 2.91 0.260557
1.5708 2.92 0.257259
1.5708 2.93 0.25588
1.5708 2.94 0.257956
1.5708 2.95 0.255484
1.5708 2.96 0.25423
1.5708 2.97 0.251826
1.5708 2.98 0.249027
1.5708 2.99 0.246392
1.5708 3 0.24385
1.5708 3.01 0.241309
1.5708 3.02 0.238661
1.5708 3.03 0.235882
1.5708 3.04 0.234948
1.5708 3.05 0.237742
1.5708 3.06 0.235729
1.5708 3.07 0.233151
1.5708 3.08 0.230832
1.5708 3.09 0.228698
1.5708 3.1 0.226676
1.5708 3.11 0.224721
1.5708 3.12 0.222804
1.5708 3.13 0.220898
1.5708 3.14 0.218972
2.0944 0 -0.0661692
2.0944 0.01 -0.0666954
2.0944 0.02 -0.0672315
2.0944 0.03 -0.0677778
2.0944 0.04 -0.0683347
2.0944 0.05 -0.0689025
2.0944 0.06 -0.0694817
2.0944 0.07 -0.0700727
2.0944 0.08 -0.0706759
2.0944 0.09 -0.0712919
2.0944 0.1 -0.071921
2.0944 0.11 -0.0725639
2.0944 0.12 -0.0732211
2.0944 0.13 -0.0738932
2.0944 0.14 -0.0745809
2.0944 0.15 -0.075285
2.0944 0.16 -0.0760061
2.0944 0.17 -0.0767451
2.0944 0.18 -0.0775028
2.0944 0.19 -0.0782804
2.0944 0.2 -0.0790788
2.0944 0.21 -0.0798992
2.0944 0.22 -0.0807431
2.0944 0.23 -0.0816121
2.0944 0.24 -0.0825082
2.0944 0.25 -0.0834345
2.0944 0.26 -0.0843959
2.0944 0.27 -0.0853993
2.0944 0.28 -0.0863998
2.0944 0.29 -0.0873611
2.0944 0.3 -0.0884328
2.0944 0.31 -0.089559
2.0944 0.32 -0.0907288
2.0944 0.33 -0.0919445
2.0944 0.34 -0.0932104
2.0944 0.35 -0.0945311
2.0944 0.36 -0.0959121
2.0944 0.37 -0.0973594
2.0944 0.38 -0.0988799
2.0944 0.39 -0.100482
2.0944 0.4 -0.102175
2.0944 0.41 -0.103969
2.0944 0.42 -0.105879
2.0944 0.43 -0.107919
2.0944 0.44 -0.110108
2.0944 0.45 -0.112471
2.0944 0.46 -0.115036
2.0944 0.47 -0.117838
2.0944 0.48 -0.120923
2.0944 0.49 -0.12435
2.0944 0.5 -0.128196
2.0944 0.51 -0.132564
2.0944 0.52 -0.137595
2.0944 0.53 -0.143489
2.0944 0.54 -0.150534
2.0944 0.55 -0.159166
2.0944 0.56 -0.170068
2.0944 0.57 -0.184383
2.0944 0.58 -0.204144
2.0944 0.59 -0.233288
2.0944 0.6 -0.28021
2.0944 0.61 -0.363802
2.0944 0.62 -0.500448
2.0944 0.63 -0.32224
2.0944 0.64 0.0114793
2.0944 0.65 0.0294993
2.0944 0.66 0.0068022
2.0944 0.67 -0.0139388
2.0944 0.68 -0.0300715
2.0944 0.69 -0.0426707
2.0944 0.7 -0.0527922
2.0944 0.71 -0.0611744
2.0944 0.72 -0.0683131
2.0944 0.73 -0.0745449
2.0944 0.74 -0.080104
2.0944 0.75 -0.0851578
2.0944 0.76 -0.0898289
2.0944 0.77 -0.0942094
2.0944 0.78 -0.0983704
2.0944 0.79 -0.102368
2.0944 0.8 -0.106246
2.0944 0.81 -0.110044
2.0944 0.82 -0.11379
2.0944 0.83 -0.117514
2.0944 0.84 -0.121239
2.0944 0.85 -0.124987
2.0944 0.86 -0.128777
2.0944 0.87 -0.132631
2.0944 0.88 -0.136567
2.0944 0.89 -0.140605
2.0944 0.9 -0.144768
2.0944 0.91 -0.14908
2.0944 0.92 -0.153574
2.0944 0.93 -0.158301
2.0944 0.94 -0.163331
2.0944 0.95 -0.168365
2.0944 0.96 -0.17285
2.0944 0.97 -0.178248
2.0944 0.98 -0.184167
2.0944 0.99 -0.190459
2.0944 1 -0.197157
2.0944 1.01 -0.204318
2.0944 1.02 -0.212012
2.0944 1.03 -0.220321
2.0944 1.04 -0.229342
2.0944 1.05 -0.239194
2.0944 1.06 -0.250024
2.0944 1.07 -0.262014
2.0944 1.08 -0.275397
2.0944 1.09 -0.290472
2.0944 1.1 -0.307636
2.0944 1.11 -0.327421
2.0944 1.12 -0.350564
2.0944 1.13 -0.378111
2.0944 1.14 -0.411604
2.0944 1.15 -0.453412
2.0944 1.16 -0.507355
2.0944 1.17 -0.579989
2.0944 1.18 -0.683459
2.0944 1.19 -0.842423
2.0944 1.2 -1.11172
2.0944 1.21 -1.60117
2.0944 1.22 -1.93018
2.0944 1.23 -0.128856
2.0944 1.24 0.374395
2.0944 1.25 0.300162
2.0944 1.26 0.190599
2.0944 1.27 0.114838
2.0944 1.28 0.0644443
2.0944 1.29 0.00828478
2.0944 1.3 -0.043339
2.0944 1.31 -0.0912414
2.0944 1.32 -0.137767
2.0944 1.33 -0.185221
2.0944 1.34 -0.236023
2.0944 1.35 -0.293091
2.0944 1.36 -0.360443
2.0944 1.37 -0.444239
2.0944 1.38 -0.554892
2.0944 1.39 -0.71179
2.0944 1.4 -0.954928
2.0944 1.41 -1.37407
2.0944 1.42 -2.11891
2.0944 1.43 -2.02345
2.0944 1.44 0.425752
2.0944 1.45 0.775692
2.0944 1.46 0.653531
2.0944 1.47 0.520118
2.0944 1.48 0.411987
2.0944 1.49 0.323229
2.0944 1.5 0.244962
2.0944 1.51 0.167795
2.0944 1.52 0.0788082
2.0944 1.53 -0.026172
2.0944 1.54 -0.0028439
2.0944 1.55 -0.0447471
2.0944 1.56 -0.0501058
2.0944 1.57 0.222334
2.0944 1.58 0.236515
2.0944 1.59 0.195483
2.0944 1.6 0.157106
2.0944 1.61 0.13437
2.0944 1.62 0.105938
2.0944 1.63 0.0763533
2.0944 1.64 0.0467577
2.0944 1.65 0.0160532
2.0944 1.66 -0.0172975
2.0944 1.67 -0.0553695
2.0944 1.68 -0.101298
2.0944 1.69 -0.160366
2.0944 1.7 -0.242466
2.0944 1.71 -0.368228
2.0944 1.72 -0.583959
2.0944 1.73 -0.949899
2.0944 1.74 -0.690841
2.0944 1.75 0.326501
2.0944 1.76 0.410298
2.0944 1.77 0.341271
2.0944 1.78 0.271949
2.0944 1.79 0.212465
2.0944 1.8 0.158833
2.0944 1.81 0.105842
2.0944 1.82 0.0473158
2.0944 1.83 -0.026184
2.0944 1.84 -0.132992
2.0944 1.85 -0.312351
2.0944 1.86 -0.565478
2.0944 1.87 -0.0649902
2.0944 1.88 0.399721
2.0944 1.89 0.39756
2.0944 1.9 0.349585
2.0944 1.91 0.308023
2.0944 1.92 0.275112
2.0944 1.93 0.248673
2.0944 1.94 0.226794
2.0944 1.95 0.208132
2.0944 1.96 0.191749
2.0944 1.97 0.176959
2.0944 1.98 0.163178
2.0944 1.99 0.149824
2.0944 2 0.136192
2.0944 2.01 0.123719
2.0944 2.02 0.116924
2.0944 2.03 0.104382
2.0944 2.04 0.0877323
2.0944 2.05 0.0651422
2.0944 2.06 0.0350486
2.0944 2.07 0.0594144
2.0944 2.08 0.0936932
2.0944 2.09 0.0836104
2.0944 2.1 0.0672166
2.0944 2.11 0.0491973
2.0944 2.12 0.0288959
2.0944 2.13 0.00462778
2.0944 2.14 -0.0263627
2.0944 2.15 -0.0690106
2.0944 2.16 -0.133158
2.0944 2.17 -0.238796
2.0944 2.18 -0.42542
2.0944 2.19 -0.554288
2.0944 2.2 0.142998
2.0944 2.21 0.33907
2.0944 2.22 0.31048
2.0944 2.23 0.278672
2.0944 2.24 0.251982
2.0944 2.25 0.227992
2.0944 2.26 0.208632
2.0944 2.27 0.192834
2.0944 2.28 0.179573
2.0944 2.29 0.168106
2.0944 2.3 0.157885
2.0944 2.31 0.148464
2.0944 2.32 0.139464
2.0944 2.33 0.130515
2.0944 2.34 0.120665
2.0944 2.35 0.108523
2.0944 2.36 0.0917563
2.0944 2.37 0.0864749
2.0944 2.38 0.117161
2.0944 2.39 0.116523
2.0944 2.4 0.107874
2.0944 2.41 0.0977296
2.0944 2.42 0.0859301
2.0944 2.43 0.08019
2.0944 2.44 0.0777194
2.0944 2.45 0.0642889
2.0944 2.46 0.044182
2.0944 2.47 0.0130622
2.0944 2.48 -0.0410098
2.0944 2.49 -0.114029
2.0944 2.5 0.0531305
2.0944 2.51 0.179764
2.0944 2.52 0.177261
2.0944 2.53 0.162851
2.0944 2.54 0.151733
2.0944 2.55 0.142931
2.0944 2.56 0.135127
2.0944 2.57 0.128433
2.0944 2.58 0.122475
2.0944 2.59 0.116845
2.0944 2.6 0.111039
2.0944 2.61 0.1042
2.0944 2.62 0.0949043
2.0944 2.63 0.0908351
2.0944 2.64 0.110078
2.0944 2.65 0.111644
2.0944 2.66 0.108247
2.0944 2.67 0.104657
2.0944 2.68 0.101156
2.0944 2.69 0.0974979
2.0944 2.7 0.0946545
2.0944 2.71 0.0941726
2.0944 2.72 0.0910927
2.0944 2.73 0.0864504
2.0944 2.74 0.0794875
2.0944 2.75 0.0715535
2.0944 2.76 0.0890781
2.0944 2.77 0.0981951
2.0944 2.78 0.0965794
2.0944 2.79 0.0941501
2.0944 2.8 0.0919687
2.0944 2.81 0.0900453
2.0944 2.82 0.0882964
2.0944 2.83 0.0866329
2.0944 2.84 0.0849401
2.0944 2.85 0.0830725
2.0944 2.86 0.0821157
2.0944 2.87 0.0829549
2.0944 2.88 0.0821278
2.0944 2.89 0.0809976
2.0944 2.9 0.0798853
2.0944 2.91 0.0787951
2.0944 2.92 0.0776805
2.0944 2.93 0.0765243
2.0944 2.94 0.0761251
2.0944 2.95 0.0757772
2.0944 2.96 0.0749578
2.0944 2.97 0.0741026
2.0944 2.98 0.0732624
2.0944 2.99 0.0724317
2.0944 3 0.0715955
2.0944 3.01 0.0707302
2.0944 3.02 0.0697908
2.0944 3.03 0.0686808
2.0944 3.04 0.0672474
2.0944 3.05 0.0667553
2.0944 3.06 0.0684554
2.0944 3.07 0.067998
2.0944 3.08 0.0669654
2.0944 3.09 0.0658615
2.0944 3.1 0.0663894
2.0944 3.11 0.0664434
2.0944 3.12 0.0658225
2.0944 3.13 0.0651606
2.0944 3.14 0.0645208
2.61799 0 -0.0905008
2.61799 0.01 -0.0916585
2.61799 0.02 -0.0928517
2.61799 0.03 -0.0940825
2.61799 0.04 -0.0953531
2.61799 0.05 -0.0966659
2.61799 0.06 -0.0980236
2.61799 0.07 -0.0994293
2.61799 0.08 -0.100886
2.61799 0.09 -0.102399
2.61799 0.1 -0.103971
2.61799 0.11 -0.105608
2.61799 0.12 -0.107316
2.61799 0.13 -0.109103
2.61799 0.14 -0.110977
2.61799 0.15 -0.11295
2.61799 0.16 -0.115036
2.61799 0.17 -0.117253
2.61799 0.18 -0.119627
2.61799 0.19 -0.122194
2.61799 0.2 -0.125006
2.61799 0.21 -0.128148
2.61799 0.22 -0.131756
2.61799 0.23 -0.136081
2.61799 0.24 -0.141623
2.61799 0.25 -0.14952
2.61799 0.26 -0.162786
2.61799 0.27 -0.189627
2.61799 0.28 -0.214446
2.61799 0.29 -0.160848
2.61799 0.3 -0.143554
2.61799 0.31 -0.143348
2.61799 0.32 -0.146574
2.61799 0.33 -0.150708
2.61799 0.34 -0.155213
2.61799 0.35 -0.159975
2.61799 0.36 -0.164987
2.61799 0.37 -0.170278
2.61799 0.38 -0.175893
2.61799 0.39 -0.181882
2.61799 0.4 -0.188306
2.61799 0.41 -0.195234
2.61799 0.42 -0.202748
2.61799 0.43 -0.210943
2.61799 0.44 -0.219938
2.61799 0.45 -0.229873
2.61799 0.46 -0.240927
2.61799 0.47 -0.253322
2.61799 0.48 -0.267345
2.61799 0.49 -0.283368
2.61799 0.5 -0.301886
2.61799 0.51 -0.323572
2.61799 0.52 -0.349364
2.61799 0.53 -0.380606
2.61799 0.54 -0.419293
2.61799 0.55 -0.468514
2.61799 0.56 -0.533292
2.61799 0.57 -0.622326
2.61799 0.58 -0.751908
2.61799 0.59 -0.955819
2.61799 0.6 -1.31388
2.61799 0.61 -2.04463
2.61799 0.62 -3.68468
2.61799 0.63 -3.97137
2.61799 0.64 -0.781216
2.61799 0.65 0.0443662
2.61799 0.66 0.1829
2.61799 0.67 0.187563
2.61799 0.68 0.163073
2.61799 0.69 0.133375
2.61799 0.7 0.104548
2.61799 0.71 0.0779718
2.61799 0.72 0.0536779
2.61799 0.73 0.0313194
2.61799 0.74 0.010469
2.61799 0.75 -0.00929219
2.61799 0.76 -0.0283554
2.61799 0.77 -0.0470892
2.61799 0.78 -0.0658536
2.61799 0.79 -0.0850179
2.61799 0.8 -0.104983
2.61799 0.81 -0.12621
2.61799 0.82 -0.149256
2.61799 0.83 -0.174831
2.61799 0.84 -0.203881
2.61799 0.85 -0.237717
2.61799 0.86 -0.278244
2.61799 0.87 -0.328356
2.61799 0.88 -0.392685
2.61799 0.89 -0.479131
2.61799 0.9 -0.602231
2.61799 0.91 -0.791493
2.61799 0.92 -1.11484
2.61799 0.93 -1.75367
2.61799 0.94 -3.19616
2.61799 0.95 -4.33901
2.61799 0.96 -1.055
2.61799 0.97 0.0928059
2.61799 0.98 0.292108
2.61799 0.99 0.309259
2.61799 1 0.287353
2.61799 1.01 0.257961
2.61799 1.02 0.229027
2.61799 1.03 0.202457
2.61799 1.04 0.17844
2.61799 1.05 0.156678
2.61799 1.06 0.136765
2.61799 1.07 0.118295
2.61799 1.08 0.100893
2.61799 1.09 0.0842126
2.61799 1.1 0.067924
2.61799 1.11 0.0516942
2.61799 1.12 0.0351648
2.61799 1.13 0.0179192
2.61799 1.14 -0.000565072
2.61799 1.15 -0.0209952
2.61799 1.16 -0.044405
2.61799 1.17 -0.0724365
2.61799 1.18 -0.107963
2.61799 1.19 -0.156671
2.61799 1.2 -0.231708
2.61799 1.21 -0.36778
2.61799 1.22 -0.583775
2.61799 1.23 -0.466552
2.61799 1.24 -0.48004
2.61799 1.25 -0.783507
2.61799 1.26 -1.52073
2.61799 1.27 -1.69612
2.61799 1.28 -0.237404
2.61799 1.29 0.144469
2.61799 1.3 0.204978
2.61799 1.31 0.203209
2.61799 1.32 0.188049
2.61799 1.33 0.170596
2.61799 1.34 0.153608
2.61799 1.35 0.13765
2.61799 1.36 0.122637
2.61799 1.37 0.108268
2.61799 1.38 0.0941195
2.61799 1.39 0.0795896
2.61799 1.4 0.0636363
2.61799 1.41 0.0439289
2.61799 1.42 0.0144888
2.61799 1.43 -0.0170773
2.61799 1.44 0.00772888
2.61799 1.45 0.00647678
2.61799 1.46 -0.0112329
2.61799 1.47 -0.036528
2.61799 1.48 -0.0705538
2.61799 1.49 -0.118815
2.61799 1.5 -0.193792
2.61799 1.51 -0.32614
2.61799 1.52 -0.60184
2.61799 1.53 -1.1803
2.61799 1.54 -0.862396
2.61799 1.55 -0.04799
2.61799 1.56 0.114482
2.61799 1.57 0.13994
2.61799 1.58 0.124859
2.61799 1.59 0.0834923
2.61799 1.6 0.0286693
2.61799 1.61 0.0956643
2.61799 1.62 0.125527
2.61799 1.63 0.123714
2.61799 1.64 0.116309
2.61799 1.65 0.108062
2.61799 1.66 0.0998578
2.61799 1.67 0.0917795
2.61799 1.68 0.0836772
2.61799 1.69 0.0752514
2.61799 1.7 0.0659563
2.61799 1.71 0.0546235
2.61799 1.72 0.0382597
2.61799 1.73 0.0112784
2.61799 1.74 -0.00350654
2.61799 1.75 0.0309426
2.61799 1.76 0.0351698
2.61799 1.77 0.0276149
2.61799 1.78 0.0163703
2.61799 1.79 0.00227993
2.61799 1.8 -0.0155423
2.61799 1.81 -0.0391819
2.61799 1.82 -0.0727534
2.61799 1.83 -0.12501
2.61799 1.84 -0.217211
2.61799 1.85 -0.408788
2.61799 1.86 -0.817445
2.61799 1.87 -0.636155
2.61799 1.88 -0.0231945
2.61799 1.89 0.106909
2.61799 1.9 0.125825
2.61799 1.91 0.122412
2.61799 1.92 0.113961
2.61799 1.93 0.104434
2.61799 1.94 0.0945943
2.61799 1.95 0.0839702
2.61799 1.96 0.0721686
2.61799 1.97 0.0673421
2.61799 1.98 0.0607811
2.61799 1.99 0.0506234
2.61799 2 0.037903
2.61799 2.01 0.0218159
2.61799 2.02 0.0023384
2.61799 2.03 -0.027922
2.61799 2.04 -0.0802968
2.61799 2.05 -0.185797
2.61799 2.06 -0.416373
2.61799 2.07 -0.397933
2.61799 2.08 0.00208791
2.61799 2.09 0.0950151
2.61799 2.1 0.108124
2.61799 2.11 0.105298
2.61799 2.12 0.0985866
2.61799 2.13 0.0904212
2.61799 2.14 0.080633
2.61799 2.15 0.0671157
2.61799 2.16 0.0435269
2.61799 2.17 0.0104398
2.61799 2.18 0.0476991
2.61799 2.19 0.0630299
2.61799 2.2 0.0682318
2.61799 2.21 0.0732378
2.61799 2.22 0.0704493
2.61799 2.23 0.0660432
2.61799 2.24 0.0633307
2.61799 2.25 0.0594144
2.61799 2.26 0.0547454
2.61799 2.27 0.0495628
2.61799 2.28 0.0437287
2.61799 2.29 0.0369475
2.61799 2.3 0.0287366
2.61799 2.31 0.0182843
2.61799 2.32 0.00412193
2.61799 2.33 -0.0166779
2.61799 2.34 -0.0507226
2.61799 2.35 -0.115321
2.61799 2.36 -0.258084
2.61799 2.37 -0.418795
2.61799 2.38 -0.108664
2.61799 2.39 0.0556513
2.61799 2.4 0.0848802
2.61799 2.41 0.0861639
2.61799 2.42 0.0811699
2.61799 2.43 0.0742114
2.61799 2.44 0.0659202
2.61799 2.45 0.055603
2.61799 2.46 0.0411623
2.61799 2.47 0.0171221
2.61799 2.48 -0.030898
2.61799 2.49 -0.0850058
2.61799 2.5 -0.0654194
2.61799 2.51 0.0318109
2.61799 2.52 0.0765726
2.61799 2.53 0.082644
2.61799 2.54 0.0811645
2.61799 2.55 0.0780045
2.61799 2.56 0.0742786
2.61799 2.57 0.0698845
2.61799 2.58 0.0648142
2.61799 2.59 0.0633406
2.61799 2.6 0.0599123
2.61799 2.61 0.0530754
2.61799 2.62 0.0400954
2.61799 2.63 0.0223147
2.61799 2.64 0.0459308
2.61799 2.65 0.0573954
2.61799 2.66 0.0571003
2.61799 2.67 0.0542152
2.61799 2.68 0.0502823
2.61799 2.69 0.0453402
2.61799 2.7 0.0388939
2.61799 2.71 0.0298279
2.61799 2.72 0.0156702
2.61799 2.73 -0.00979986
2.61799 2.74 -0.0642164
2.61799 2.75 -0.165012
2.61799 2.76 -0.0553359
2.61799 2.77 0.0539721
2.61799 2.78 0.0741749
2.61799 2.79 0.076507
2.61799 2.8 0.0751411
2.61799 2.81 0.0729402
2.61799 2.82 0.0705258
2.61799 2.83 0.0678494
2.61799 2.84 0.0647183
2.61799 2.85 0.0643039
2.61799 2.86 0.0639422
2.61799 2.87 0.0624791
2.61799 2.88 0.060724
2.61799 2.89 0.0587294
2.61799 2.9 0.0562891
2.61799 2.91 0.052839
2.61799 2.92 0.0471658
2.61799 2.93 0.0433627
2.61799 2.94 0.0391193
2.61799 2.95 0.0227196
2.61799 2.96 0.0329797
2.61799 2.97 0.0553593
2.61799 2.98 0.059431
2.61799 2.99 0.059515
2.61799 3 0.0588017
2.61799 3.01 0.0579058
2.61799 3.02 0.0569373
2.61799 3.03 0.055825
2.61799 3.04 0.0543305
2.61799 3.05 0.0537456
2.61799 3.06 0.0544659
2.61799 3.07 0.0541793
2.61799 3.08 0.0536533
2.61799 3.09 0.0530982
2.61799 3.1 0.0525511
2.61799 3.11 0.0520169
2.61799 3.12 0.0514923
2.61799 3.13 0.0509676
2.61799 3.14 0.0504195
3.14159 0 0.284058
3.14159 0.01 0.304919
3.14159 0.02 0.328204
3.14159 0.03 0.354308
3.14159 0.04 0.383705
3.14159 0.05 0.416975
3.14159 0.06 0.454832
3.14159 0.07 0.498162
3.14159 0.08 0.548076
3.14159 0.09 0.605981
3.14159 0.1 0.673682
3.14159 0.11 0.753523
3.14159 0.12 0.848593
3.14159 0.13 0.963028
3.14159 0.14 1.10247
3.14159 0.15 1.27476
3.14159 0.16 1.4911
3.14159 0.17 1.76784
3.14159 0.18 2.12969
3.14159 0.19 2.61538
3.14159 0.2 3.28826
3.14159 0.21 4.25779
3.14159 0.22 5.72585
3.14159 0.23 8.09756
3.14159 0.24 12.2795
3.14159 0.25 20.6177
3.14159 0.26 40.4659
3.14159 0.27 99.1618
3.14159 0.28 215.964
3.14159 0.29 119.701
3.14159 0.3 47.0539
3.14159 0.31 23.0884
3.14159 0.32 13.4211
3.14159 0.33 8.71
3.14159 0.34 6.0914
3.14159 0.35 4.49414
3.14159 0.36 3.45105
3.14159 0.37 2.73351
3.14159 0.38 2.21937
3.14159 0.39 1.83869
3.14159 0.4 1.54915
3.14159 0.41 1.32394
3.14159 0.42 1.14542
3.14159 0.43 1.00161
3.14159 0.44 0.88412
3.14159 0.45 0.786978
3.14159 0.46 0.705804
3.14159 0.47 0.637344
3.14159 0.48 0.579138
3.14159 0.49 0.529298
3.14159 0.5 0.486357
3.14159 0.51 0.449163
3.14159 0.52 0.4168
3.14159 0.53 0.388534
3.14159 0.54 0.363775
3.14159 0.55 0.342039
3.14159 0.56 0.322934
3.14159 0.57 0.306137
3.14159 0.58 0.291382
3.14159 0.59 0.278452
3.14159 0.6 0.267167
3.14159 0.61 0.257382
3.14159 0.62 0.248979
3.14159 0.63 0.241867
3.14159 0.64 0.235976
3.14159 0.65 0.231258
3.14159 0.66 0.227685
3.14159 0.67 0.225248
3.14159 0.68 0.223959
3.14159 0.69 0.223852
3.14159 0.7 0.224985
3.14159 0.71 0.227444
3.14159 0.72 0.231349
3.14159 0.73 0.236857
3.14159 0.74 0.244179
3.14159 0.75 0.253584
3.14159 0.76 0.265426
3.14159 0.77 0.280164
3.14159 0.78 0.298404
3.14159 0.79 0.320945
3.14159 0.8 0.348864
3.14159 0.81 0.383627
3.14159 0.82 0.42727
3.14159 0.83 0.482683
3.14159 0.84 0.55407
3.14159 0.85 0.647732
3.14159 0.86 0.773443
3.14159 0.87 0.94702
3.14159 0.88 1.19538
3.14159 0.89 1.56727
3.14159 0.9 2.15825
3.14159 0.91 3.17566
3.14159 0.92 5.13452
3.14159 0.93 9.56665
3.14159 0.94 22.0213
3.14159 0.95 54.855
3.14159 0.96 44.1514
3.14159 0.97 16.9324
3.14159 0.98 7.86012
3.14159 0.99 4.41645
3.14159 1 2.81106
3.14159 1.01 1.9454
3.14159 1.02 1.42855
3.14159 1.03 1.09622
3.14159 1.04 0.870254
3.14159 1.05 0.709754
3.14159 1.06 0.591714
3.14159 1.07 0.502398
3.14159 1.08 0.433202
3.14159 1.09 0.378521
3.14159 1.1 0.334575
3.14159 1.11 0.298743
3.14159 1.12 0.269162
3.14159 1.13 0.24448
3.14159 1.14 0.223693
3.14159 1.15 0.206049
3.14159 1.16 0.190971
3.14159 1.17 0.178015
3.14159 1.18 0.166832
3.14159 1.19 0.15715
3.14159 1.2 0.148749
3.14159 1.21 0.141455
3.14159 1.22 0.13513
3.14159 1.23 0.12966
3.14159 1.24 0.124957
3.14159 1.25 0.120952
3.14159 1.26 0.117589
3.14159 1.27 0.114832
3.14159 1.28 0.112654
3.14159 1.29 0.111043
3.14159 1.3 0.110002
3.14159 1.31 0.10955
3.14159 1.32 0.109727
3.14159 1.33 0.110597
3.14159 1.34 0.112268
3.14159 1.35 0.114907
3.14159 1.36 0.118788
3.14159 1.37 0.12439
3.14159 1.38 0.132609
3.14159 1.39 0.145347
3.14159 1.4 0.167315
3.14159 1.41 0.212794
3.14159 1.42 0.33418
3.14159 1.43 0.587481
3.14159 1.44 0.423424
3.14159 1.45 0.284727
3.14159 1.46 0.256157
3.14159 1.47 0.265988
3.14159 1.48 0.297873
3.14159 1.49 0.353147
3.14159 1.5 0.445703
3.14159 1.51 0.6164
3.14159 1.52 1.00079
3.14159 1.53 2.04469
3.14159 1.54 2.62393
3.14159 1.55 1.72289
3.14159 1.56 1.74124
3.14159 1.57 2.47463
3.14159 1.58 4.45665
3.14159 1.59 10.3116
3.14159 1.6 24.6868
3.14159 1.61 16.7852
3.14159 1.62 6.49197
3.14159 1.63 3.10752
3.14159 1.64 1.78652
3.14159 1.65 1.15733
3.14159 1.66 0.812797
3.14159 1.67 0.604756
3.14159 1.68 0.469912
3.14159 1.69 0.377821
3.14159 1.7 0.312592
3.14159 1.71 0.265832
3.14159 1.72 0.234876
3.14159 1.73 0.219072
3.14159 1.74 0.18651
3.14159 1.75 0.159922
3.14159 1.76 0.142339
3.14159 1.77 0.12908
3.14159 1.78 0.118537
3.14159 1.79 0.110013
3.14159 1.8 0.103152
3.14159 1.81 0.0978079
3.14159 1.82 0.094069
3.14159 1.83 0.0924778
3.14159 1.84 0.0948435
3.14159 1.85 0.107609
3.14159 1.86 0.153479
3.14159 1.87 0.183324
3.14159 1.88 0.11614
3.14159 1.89 0.0888923
3.14159 1.9 0.0789472
3.14159 1.91 0.074565
3.14159 1.92 0.0725564
3.14159 1.93 0.0718907
3.14159 1.94 0.0721973
3.14159 1.95 0.0733624
3.14159 1.96 0.0754061
3.14159 1.97 0.0784504
3.14159 1.98 0.082731
3.14159 1.99 0.0886504
3.14159 2 0.0968986
3.14159 2.01 0.108726
3.14159 2.02 0.126606
3.14159 2.03 0.156089
3.14159 2.04 0.211885
3.14159 2.05 0.342234
3.14159 2.06 0.719329
3.14159 2.07 1.08206
3.14159 2.08 0.573113
3.14159 2.09 0.377769
3.14159 2.1 0.350546
3.14159 2.11 0.395574
3.14159 2.12 0.504857
3.14159 2.13 0.714497
3.14159 2.14 1.13495
3.14159 2.15 2.10843
3.14159 2.16 4.89325
3.14159 2.17 11.9315
3.14159 2.18 8.52574
3.14159 2.19 3.30994
3.14159 2.2 1.60582
3.14159 2.21 0.935542
3.14159 2.22 0.657435
3.14159 2.23 0.51296
3.14159 2.24 0.347186
3.14159 2.25 0.255451
3.14159 2.26 0.201
3.14159 2.27 0.164643
3.14159 2.28 0.138768
3.14159 2.29 0.119646
3.14159 2.3 0.105213
3.14159 2.31 0.0943254
3.14159 2.32 0.0866225
3.14159 2.33 0.0832985
3.14159 2.34 0.0885828
3.14159 2.35 0.0814782
3.14159 2.36 0.0675963
3.14159 2.37 0.0611138
3.14159 2.38 0.0574041
3.14159 2.39 0.0549902
3.14159 2.4 0.0534431
3.14159 2.41 0.0526389
3.14159 2.42 0.0525944
3.14159 2.43 0.0534514
3.14159 2.44 0.0555426
3.14159 2.45 0.0595968
3.14159 2.46 0.0673418
3.14159 2.47 0.0835535
3.14159 2.48 0.124447
3.14159 2.49 0.245261
3.14159 2.5 0.311522
3.14159 2.51 0.164426
3.14159 2.52 0.112698
3.14159 2.53 0.101079
3.14159 2.54 0.104798
3.14159 2.55 0.118941
3.14159 2.56 0.139722
3.14159 2.57 0.174189
3.14159 2.58 0.233561
3.14159 2.59 0.340333
3.14159 2.6 0.554563
3.14159 2.61 1.06487
3.14159 2.62 2.57259
3.14159 2.63 5.6305
3.14159 2.64 3.17288
3.14159 2.65 1.25736
3.14159 2.66 0.625723
3.14159 2.67 0.371565
3.14159 2.68 0.248717
3.14159 2.69 0.181822
3.14159 2.7 0.143573
3.14159 2.71 0.124425
3.14159 2.72 0.128151
3.14159 2.73 0.17573
3.14159 2.74 0.159973
3.14159 2.75 0.121757
3.14159 2.76 0.0820757
3.14159 2.77 0.0610785
3.14159 2.78 0.0514066
3.14159 2.79 0.0459765
3.14159 2.8 0.042687
3.14159 2.81 0.0408916
3.14159 2.82 0.0406826
3.14159 2.83 0.0434789
3.14159 2.84 0.0510373
3.14159 2.85 0.0469972
3.14159 2.86 0.0445824
3.14159 2.87 0.0469589
3.14159 2.88 0.0527174
3.14159 2.89 0.0629112
3.14159 2.9 0.0809643
3.14159 2.91 0.111362
3.14159 2.92 0.170237
3.14159 2.93 0.313373
3.14159 2.94 0.736092
3.14159 2.95 1.64005
3.14159 2.96 0.967076
3.14159 2.97 0.385615
3.14159 2.98 0.194148
3.14159 2.99 0.117495
3.14159 3 0.0802699
3.14159 3.01 0.0595902
3.14159 3.02 0.0469745
3.14159 3.03 0.0387646
3.14159 3.04 0.0332277
3.14159 3.05 0.0296022
3.14159 3.06 0.0278055
3.14159 3.07 0.0256378
3.14159 3.08 0.0238831
3.14159 3.09 0.0242797
3.14159 3.1 0.0287687
3.14159 3.11 0.045287
3.14159 3.12 0.051696
3.14159 3.13 0.0297027
3.14159 3.14 0.0214695
3.66519 0 0.086734
3.66519 0.01 0.0877815
3.66519 0.02 0.0888587
3.66519 0.03 0.089967
3.66519 0.04 0.0911082
3.66519 0.05 0.0922838
3.66519 0.06 0.093496
3.66519 0.07 0.0947466
3.66519 0.08 0.0960382
3.66519 0.09 0.097373
3.66519 0.1 0.0987541
3.66519 0.11 0.100184
3.66519 0.12 0.101668
3.66519 0.13 0.103208
3.66519 0.14 0.104809
3.66519 0.15 0.106477
3.66519 0.16 0.108217
3.66519 0.17 0.110037
3.66519 0.18 0.111944
3.66519 0.19 0.113948
3.66519 0.2 0.116058
3.66519 0.21 0.118282
3.66519 0.22 0.120624
3.66519 0.23 0.123062
3.66519 0.24 0.125493
3.66519 0.25 0.127492
3.66519 0.26 0.127187
3.66519 0.27 0.114616
3.66519 0.28 0.0613863
3.66519 0.29 0.0712598
3.66519 0.3 0.101706
3.66519 0.31 0.116852
3.66519 0.32 0.125876
3.66519 0.33 0.132457
3.66519 0.34 0.137953
3.66519 0.35 0.14295
3.66519 0.36 0.147741
3.66519 0.37 0.152494
3.66519 0.38 0.157319
3.66519 0.39 0.162293
3.66519 0.4 0.167481
3.66519 0.41 0.172941
3.66519 0.42 0.178731
3.66519 0.43 0.184907
3.66519 0.44 0.191537
3.66519 0.45 0.198691
3.66519 0.46 0.206454
3.66519 0.47 0.214923
3.66519 0.48 0.224216
3.66519 0.49 0.234473
3.66519 0.5 0.245863
3.66519 0.51 0.258592
3.66519 0.52 0.27291
3.66519 0.53 0.289116
3.66519 0.54 0.307553
3.66519 0.55 0.328575
3.66519 0.56 0.352426
3.66519 0.57 0.378839
3.66519 0.58 0.405741
3.66519 0.59 0.424665
3.66519 0.6 0.401963
3.66519 0.61 0.184017
3.66519 0.62 -1.05646
3.66519 0.63 -4.31494
3.66519 0.64 -2.95336
3.66519 0.65 -1.58362
3.66519 0.66 -0.976977
3.66519 0.67 -0.667391
3.66519 0.68 -0.485177
3.66519 0.69 -0.366266
3.66519 0.7 -0.282591
3.66519 0.71 -0.220239
3.66519 0.72 -0.17161
3.66519 0.73 -0.132233
3.66519 0.74 -0.099305
3.66519 0.75 -0.0709762
3.66519 0.76 -0.0459695
3.66519 0.77 -0.0233627
3.66519 0.78 -0.00246095
3.66519 0.79 0.0172837
3.66519 0.8 0.0363253
3.66519 0.81 0.0550613
3.66519 0.82 0.0738595
3.66519 0.83 0.0930804
3.66519 0.84 0.113095
3.66519 0.85 0.134297
3.66519 0.86 0.15711
3.66519 0.87 0.181964
3.66519 0.88 0.209197
3.66519 0.89 0.238737
3.66519 0.9 0.269057
3.66519 0.91 0.293535
3.66519 0.92 0.286014
3.66519 0.93 0.13085
3.66519 0.94 -0.78738
3.66519 0.95 -4.04611
3.66519 0.96 -3.48184
3.66519 0.97 -1.89463
3.66519 0.98 -1.18702
3.66519 0.99 -0.836713
3.66519 1 -0.635246
3.66519 1.01 -0.505958
3.66519 1.02 -0.416173
3.66519 1.03 -0.350034
3.66519 1.04 -0.299031
3.66519 1.05 -0.25822
3.66519 1.06 -0.22454
3.66519 1.07 -0.195999
3.66519 1.08 -0.171233
3.66519 1.09 -0.149276
3.66519 1.1 -0.129411
3.66519 1.11 -0.111089
3.66519 1.12 -0.0938653
3.66519 1.13 -0.0773699
3.66519 1.14 -0.0612771
3.66519 1.15 -0.0452937
3.66519 1.16 -0.0291623
3.66519 1.17 -0.0127107
3.66519 1.18 0.00395083
3.66519 1.19 0.0196569
3.66519 1.2 0.0286851
3.66519 1.21 0.00111358
3.66519 1.22 -0.196813
3.66519 1.23 -0.280411
3.66519 1.24 -0.132133
3.66519 1.25 -0.151181
3.66519 1.26 -0.662479
3.66519 1.27 -2.13158
3.66519 1.28 -1.52251
3.66519 1.29 -0.879658
3.66519 1.3 -0.591418
3.66519 1.31 -0.44203
3.66519 1.32 -0.352409
3.66519 1.33 -0.292646
3.66519 1.34 -0.249603
3.66519 1.35 -0.216734
3.66519 1.36 -0.190446
3.66519 1.37 -0.168609
3.66519 1.38 -0.14989
3.66519 1.39 -0.133462
3.66519 1.4 -0.118973
3.66519 1.41 -0.107199
3.66519 1.42 -0.104328
3.66519 1.43 -0.131088
3.66519 1.44 -0.117245
3.66519 1.45 -0.0844894
3.66519 1.46 -0.0628706
3.66519 1.47 -0.0455559
3.66519 1.48 -0.029849
3.66519 1.49 -0.0155724
3.66519 1.5 -0.00580267
3.66519 1.51 -0.0147078
3.66519 1.52 -0.111007
3.66519 1.53 -0.655974
3.66519 1.54 -1.47555
3.66519 1.55 -0.903
3.66519 1.56 -0.556113
3.66519 1.57 -0.39435
3.66519 1.58 -0.306958
3.66519 1.59 -0.269347
3.66519 1.6 -0.308194
3.66519 1.61 -0.29361
3.66519 1.62 -0.227455
3.66519 1.63 -0.190263
3.66519 1.64 -0.166751
3.66519 1.65 -0.149628
3.66519 1.66 -0.136025
3.66519 1.67 -0.124598
3.66519 1.68 -0.114623
3.66519 1.69 -0.105685
3.66519 1.7 -0.0976021
3.66519 1.71 -0.0906261
3.66519 1.72 -0.0867537
3.66519 1.73 -0.0960687
3.66519 1.74 -0.130088
3.66519 1.75 -0.11089
3.66519 1.76 -0.084818
3.66519 1.77 -0.0693561
3.66519 1.78 -0.0578766
3.66519 1.79 -0.0478014
3.66519 1.8 -0.038143
3.66519 1.81 -0.0285855
3.66519 1.82 -0.0195263
3.66519 1.83 -0.0132778
3.66519 1.84 -0.0195951
3.66519 1.85 -0.0850322
3.66519 1.86 -0.456239
3.66519 1.87 -1.07747
3.66519 1.88 -0.674501
3.66519 1.89 -0.411773
3.66519 1.9 -0.2924
3.66519 1.91 -0.22863
3.66519 1.92 -0.18942
3.66519 1.93 -0.162722
3.66519 1.94 -0.143211
3.66519 1.95 -0.128699
3.66519 1.96 -0.120242
3.66519 1.97 -0.111323
3.66519 1.98 -0.0985771
3.66519 1.99 -0.0882025
3.66519 2 -0.0792858
3.66519 2.01 -0.0719553
3.66519 2.02 -0.0642346
3.66519 2.03 -0.0572443
3.66519 2.04 -0.0572489
3.66519 2.05 -0.0870244
3.66519 2.06 -0.270424
3.66519 2.07 -0.681156
3.66519 2.08 -0.46835
3.66519 2.09 -0.295772
3.66519 2.1 -0.217643
3.66519 2.11 -0.176165
3.66519 2.12 -0.150644
3.66519 2.13 -0.133233
3.66519 2.14 -0.120715
3.66519 2.15 -0.112577
3.66519 2.16 -0.114243
3.66519 2.17 -0.151349
3.66519 2.18 -0.158156
3.66519 2.19 -0.131381
3.66519 2.2 -0.121956
3.66519 2.21 -0.105492
3.66519 2.22 -0.094969
3.66519 2.23 -0.0889557
3.66519 2.24 -0.0828394
3.66519 2.25 -0.0769431
3.66519 2.26 -0.0718911
3.66519 2.27 -0.0672208
3.66519 2.28 -0.0626864
3.66519 2.29 -0.0581407
3.66519 2.3 -0.0534853
3.66519 2.31 -0.0486799
3.66519 2.32 -0.0438304
3.66519 2.33 -0.0395207
3.66519 2.34 -0.0381235
3.66519 2.35 -0.0500092
3.66519 2.36 -0.129575
3.66519 2.37 -0.451039
3.66519 2.38 -0.476798
3.66519 2.39 -0.291955
3.66519 2.4 -0.201061
3.66519 2.41 -0.156531
3.66519 2.42 -0.130797
3.66519 2.43 -0.113868
3.66519 2.44 -0.101649
3.66519 2.45 -0.0923563
3.66519 2.46 -0.0856705
3.66519 2.47 -0.0841009
3.66519 2.48 -0.103314
3.66519 2.49 -0.185388
3.66519 2.5 -0.24087
3.66519 2.51 -0.224038
3.66519 2.52 -0.159217
3.66519 2.53 -0.127627
3.66519 2.54 -0.110802
3.66519 2.55 -0.100267
3.66519 2.56 -0.0929208
3.66519 2.57 -0.0877443
3.66519 2.58 -0.085516
3.66519 2.59 -0.0822901
3.66519 2.6 -0.0775151
3.66519 2.61 -0.0748583
3.66519 2.62 -0.0775533
3.66519 2.63 -0.100383
3.66519 2.64 -0.103189
3.66519 2.65 -0.084912
3.66519 2.66 -0.0752834
3.66519 2.67 -0.069476
3.66519 2.68 -0.0651756
3.66519 2.69 -0.0615445
3.66519 2.7 -0.0582723
3.66519 2.71 -0.055387
3.66519 2.72 -0.0535723
3.66519 2.73 -0.05599
3.66519 2.74 -0.078573
3.66519 2.75 -0.198306
3.66519 2.76 -0.288377
3.66519 2.77 -0.187662
3.66519 2.78 -0.136297
3.66519 2.79 -0.112079
3.66519 2.8 -0.0985942
3.66519 2.81 -0.0900467
3.66519 2.82 -0.0841407
3.66519 2.83 -0.0799907
3.66519 2.84 -0.0779909
3.66519 2.85 -0.0762557
3.66519 2.86 -0.0725742
3.66519 2.87 -0.0698134
3.66519 2.88 -0.067618
3.66519 2.89 -0.0657414
3.66519 2.9 -0.0641389
3.66519 2.91 -0.0630725
3.66519 2.92 -0.0641838
3.66519 2.93 -0.0682393
3.66519 2.94 -0.0676825
3.66519 2.95 -0.081316
3.66519 2.96 -0.102396
3.66519 2.97 -0.0845057
3.66519 2.98 -0.0736067
3.66519 2.99 -0.0682469
3.66519 3 -0.0650786
3.66519 3.01 -0.0629172
3.66519 3.02 -0.061309
3.66519 3.03 -0.0601167
3.66519 3.04 -0.0596533
3.66519 3.05 -0.0600907
3.66519 3.06 -0.0585137
3.66519 3.07 -0.0571589
3.66519 3.08 -0.0561836
3.66519 3.09 -0.0553807
3.66519 3.1 -0.0546719
3.66519 3.11 -0.054024
3.66519 3.12 -0.0534209
3.66519 3.13 -0.0528555
3.66519 3.14 -0.0523345
4.18879 0 0.0655733
4.18879 0.01 0.0660885
4.18879 0.02 0.0666132
4.18879 0.03 0.0671477
4.18879 0.04 0.0676924
4.18879 0.05 0.0682476
4.18879 0.06 0.0688137
4.18879 0.07 0.0693911
4.18879 0.08 0.0699803
4.18879 0.09 0.0705815
4.18879 0.1 0.0711955
4.18879 0.11 0.0718225
4.18879 0.12 0.0724632
4.18879 0.13 0.0731181
4.18879 0.14 0.0737879
4.18879 0.15 0.0744731
4.18879 0.16 0.0751746
4.18879 0.17 0.0758929
4.18879 0.18 0.0766291
4.18879 0.19 0.0773838
4.18879 0.2 0.0781582
4.18879 0.21 0.0789532
4.18879 0.22 0.07977
4.18879 0.23 0.08061
4.18879 0.24 0.0814746
4.18879 0.25 0.0823654
4.18879 0.26 0.0832833
4.18879 0.27 0.0842208
4.18879 0.28 0.0851227
4.18879 0.29 0.0860942
4.18879 0.3 0.0871607
4.18879 0.31 0.0882532
4.18879 0.32 0.0893781
4.18879 0.33 0.0905422
4.18879 0.34 0.0917508
4.18879 0.35 0.0930084
4.18879 0.36 0.09432
4.18879 0.37 0.0956909
4.18879 0.38 0.097127
4.18879 0.39 0.0986352
4.18879 0.4 0.100223
4.18879 0.41 0.1019
4.18879 0.42 0.103677
4.18879 0.43 0.105566
4.18879 0.44 0.107583
4.18879 0.45 0.109746
4.18879 0.46 0.112077
4.18879 0.47 0.114604
4.18879 0.48 0.117361
4.18879 0.49 0.12039
4.18879 0.5 0.123749
4.18879 0.51 0.127508
4.18879 0.52 0.131763
4.18879 0.53 0.136643
4.18879 0.54 0.142327
4.18879 0.55 0.149067
4.18879 0.56 0.157232
4.18879 0.57 0.167363
4.18879 0.58 0.180271
4.18879 0.59 0.197078
4.18879 0.6 0.218618
4.18879 0.61 0.238979
4.18879 0.62 0.183658
4.18879 0.63 -0.230809
4.18879 0.64 -0.2612
4.18879 0.65 -0.132924
4.18879 0.66 -0.0605669
4.18879 0.67 -0.0188809
4.18879 0.68 0.00776919
4.18879 0.69 0.0263241
4.18879 0.7 0.0401162
4.18879 0.71 0.050904
4.18879 0.72 0.0596929
4.18879 0.73 0.0670963
4.18879 0.74 0.0735088
4.18879 0.75 0.0791957
4.18879 0.76 0.084342
4.18879 0.77 0.0890812
4.18879 0.78 0.0935124
4.18879 0.79 0.0977109
4.18879 0.8 0.101736
4.18879 0.81 0.105634
4.18879 0.82 0.109444
4.18879 0.83 0.113199
4.18879 0.84 0.116927
4.18879 0.85 0.120651
4.18879 0.86 0.124394
4.18879 0.87 0.128177
4.18879 0.88 0.132019
4.18879 0.89 0.135941
4.18879 0.9 0.13996
4.18879 0.91 0.144099
4.18879 0.92 0.148378
4.18879 0.93 0.152813
4.18879 0.94 0.157357
4.18879 0.95 0.161562
4.18879 0.96 0.166085
4.18879 0.97 0.171569
4.18879 0.98 0.177254
4.18879 0.99 0.183179
4.18879 1 0.189425
4.18879 1.01 0.196057
4.18879 1.02 0.203138
4.18879 1.03 0.210738
4.18879 1.04 0.218937
4.18879 1.05 0.227828
4.18879 1.06 0.237527
4.18879 1.07 0.248173
4.18879 1.08 0.25994
4.18879 1.09 0.273049
4.18879 1.1 0.28778
4.18879 1.11 0.304504
4.18879 1.12 0.323711
4.18879 1.13 0.346069
4.18879 1.14 0.372509
4.18879 1.15 0.404362
4.18879 1.16 0.443575
4.18879 1.17 0.493043
4.18879 1.18 0.556985
4.18879 1.19 0.640447
4.18879 1.2 0.740188
4.18879 1.21 0.755846
4.18879 1.22 -0.193908
4.18879 1.23 -1.59417
4.18879 1.24 -1.04197
4.18879 1.25 -0.62049
4.18879 1.26 -0.388666
4.18879 1.27 -0.264982
4.18879 1.28 -0.167176
4.18879 1.29 -0.0854328
4.18879 1.3 -0.0210137
4.18879 1.31 0.0333797
4.18879 1.32 0.0824068
4.18879 1.33 0.12921
4.18879 1.34 0.176289
4.18879 1.35 0.226021
4.18879 1.36 0.281065
4.18879 1.37 0.344805
4.18879 1.38 0.421898
4.18879 1.39 0.518775
4.18879 1.4 0.64205
4.18879 1.41 0.77787
4.18879 1.42 0.691479
4.18879 1.43 -1.19329
4.18879 1.44 -2.32942
4.18879 1.45 -1.52596
4.18879 1.46 -1.02548
4.18879 1.47 -0.742446
4.18879 1.48 -0.56381
4.18879 1.49 -0.438884
4.18879 1.5 -0.343439
4.18879 1.51 -0.264696
4.18879 1.52 -0.198744
4.18879 1.53 -0.180476
4.18879 1.54 -0.269207
4.18879 1.55 -0.229701
4.18879 1.56 -0.404977
4.18879 1.57 -0.494735
4.18879 1.58 -0.362226
4.18879 1.59 -0.274112
4.18879 1.6 -0.222666
4.18879 1.61 -0.185661
4.18879 1.62 -0.146575
4.18879 1.63 -0.112786
4.18879 1.64 -0.0820358
4.18879 1.65 -0.0522727
4.18879 1.66 -0.0219271
4.18879 1.67 0.0105185
4.18879 1.68 0.04685
4.18879 1.69 0.0894311
4.18879 1.7 0.141417
4.18879 1.71 0.205629
4.18879 1.72 0.271395
4.18879 1.73 0.187573
4.18879 1.74 -0.825046
4.18879 1.75 -1.09404
4.18879 1.76 -0.726455
4.18879 1.77 -0.508235
4.18879 1.78 -0.379153
4.18879 1.79 -0.292346
4.18879 1.8 -0.226538
4.18879 1.81 -0.170914
4.18879 1.82 -0.118808
4.18879 1.83 -0.0652272
4.18879 1.84 -0.00744139
4.18879 1.85 0.0385857
4.18879 1.86 -0.119537
4.18879 1.87 -0.888582
4.18879 1.88 -0.795538
4.18879 1.89 -0.571904
4.18879 1.9 -0.445826
4.18879 1.91 -0.369886
4.18879 1.92 -0.319093
4.18879 1.93 -0.282227
4.18879 1.94 -0.253772
4.18879 1.95 -0.230742
4.18879 1.96 -0.211377
4.18879 1.97 -0.194557
4.18879 1.98 -0.179513
4.18879 1.99 -0.165736
4.18879 2 -0.153211
4.18879 2.01 -0.144737
4.18879 2.02 -0.136357
4.18879 2.03 -0.122541
4.18879 2.04 -0.108872
4.18879 2.05 -0.096265
4.18879 2.06 -0.0976065
4.18879 2.07 -0.152063
4.18879 2.08 -0.140734
4.18879 2.09 -0.11169
4.18879 2.1 -0.0900233
4.18879 2.11 -0.0714412
4.18879 2.12 -0.053197
4.18879 2.13 -0.0335306
4.18879 2.14 -0.0108248
4.18879 2.15 0.0168028
4.18879 2.16 0.0511952
4.18879 2.17 0.0890945
4.18879 2.18 0.0941652
4.18879 2.19 -0.269261
4.18879 2.2 -0.81423
4.18879 2.21 -0.600449
4.18879 2.22 -0.439419
4.18879 2.23 -0.357114
4.18879 2.24 -0.300639
4.18879 2.25 -0.261475
4.18879 2.26 -0.233585
4.18879 2.27 -0.212495
4.18879 2.28 -0.195751
4.18879 2.29 -0.18192
4.18879 2.3 -0.170097
4.18879 2.31 -0.159667
4.18879 2.32 -0.150172
4.18879 2.33 -0.141236
4.18879 2.34 -0.13257
4.18879 2.35 -0.124371
4.18879 2.36 -0.121347
4.18879 2.37 -0.137837
4.18879 2.38 -0.151938
4.18879 2.39 -0.136889
4.18879 2.4 -0.122813
4.18879 2.41 -0.112013
4.18879 2.42 -0.103209
4.18879 2.43 -0.100875
4.18879 2.44 -0.0983457
4.18879 2.45 -0.0849492
4.18879 2.46 -0.0706543
4.18879 2.47 -0.0550988
4.18879 2.48 -0.0433844
4.18879 2.49 -0.0977563
4.18879 2.5 -0.328475
4.18879 2.51 -0.294037
4.18879 2.52 -0.228821
4.18879 2.53 -0.192259
4.18879 2.54 -0.170215
4.18879 2.55 -0.155425
4.18879 2.56 -0.14468
4.18879 2.57 -0.136827
4.18879 2.58 -0.130371
4.18879 2.59 -0.124118
4.18879 2.6 -0.118503
4.18879 2.61 -0.113361
4.18879 2.62 -0.109826
4.18879 2.63 -0.118894
4.18879 2.64 -0.131707
4.18879 2.65 -0.122351
4.18879 2.66 -0.114988
4.18879 2.67 -0.109899
4.18879 2.68 -0.105915
4.18879 2.69 -0.102498
4.18879 2.7 -0.0995563
4.18879 2.71 -0.0984836
4.18879 2.72 -0.0976893
4.18879 2.73 -0.0938726
4.18879 2.74 -0.090801
4.18879 2.75 -0.0947286
4.18879 2.76 -0.114993
4.18879 2.77 -0.109942
4.18879 2.78 -0.102633
4.18879 2.79 -0.0980747
4.18879 2.8 -0.0949209
4.18879 2.81 -0.092487
4.18879 2.82 -0.0904596
4.18879 2.83 -0.0886793
4.18879 2.84 -0.0870665
4.18879 2.85 -0.0856954
4.18879 2.86 -0.0855853
4.18879 2.87 -0.0858773
4.18879 2.88 -0.0841231
4.18879 2.89 -0.0825956
4.18879 2.9 -0.0813148
4.18879 2.91 -0.0801665
4.18879 2.92 -0.0790995
4.18879 2.93 -0.078137
4.18879 2.94 -0.0776652
4.18879 2.95 -0.0772805
4.18879 2.96 -0.0761916
4.18879 2.97 -0.0751972
4.18879 2.98 -0.074293
4.18879 2.99 -0.0734363
4.18879 3 -0.0726035
4.18879 3.01 -0.0717787
4.18879 3.02 -0.070948
4.18879 3.03 -0.0701067
4.18879 3.04 -0.0693495
4.18879 3.05 -0.0696733
4.18879 3.06 -0.0717727
4.18879 3.07 -0.0704694
4.18879 3.08 -0.0690854
4.18879 3.09 -0.0680523
4.18879 3.1 -0.0674046
4.18879 3.11 -0.0677602
4.18879 3.12 -0.0671328
4.18879 3.13 -0.0661912
4.18879 3.14 -0.0654158
4.71239 0 0.215082
4.71239 0.01 0.216698
4.71239 0.02 0.218345
4.71239 0.03 0.220026
4.71239 0.04 0.221741
4.71239 0.05 0.223493
4.71239 0.06 0.225283
4.71239 0.07 0.227114
4.71239 0.08 0.228988
4.71239 0.09 0.230908
4.71239 0.1 0.232877
4.71239 0.11 0.2349
4.71239 0.12 0.23698
4.71239 0.13 0.239123
4.71239 0.14 0.241336
4.71239 0.15 0.243628
4.71239 0.16 0.246008
4.71239 0.17 0.248491
4.71239 0.18 0.251094
4.71239 0.19 0.253844
4.71239 0.2 0.256776
4.71239 0.21 0.259944
4.71239 0.22 0.263432
4.71239 0.23 0.267379
4.71239 0.24 0.272027
4.71239 0.25 0.277814
4.71239 0.26 0.285446
4.71239 0.27 0.293824
4.71239 0.28 0.275599
4.71239 0.29 0.247774
4.71239 0.3 0.255217
4.71239 0.31 0.263674
4.71239 0.32 0.270351
4.71239 0.33 0.275955
4.71239 0.34 0.280984
4.71239 0.35 0.285715
4.71239 0.36 0.290309
4.71239 0.37 0.294871
4.71239 0.38 0.299471
4.71239 0.39 0.304164
4.71239 0.4 0.308996
4.71239 0.41 0.31401
4.71239 0.42 0.319247
4.71239 0.43 0.324754
4.71239 0.44 0.330578
4.71239 0.45 0.336778
4.71239 0.46 0.34342
4.71239 0.47 0.350588
4.71239 0.48 0.358384
4.71239 0.49 0.366937
4.71239 0.5 0.376414
4.71239 0.51 0.387035
4.71239 0.52 0.399096
4.71239 0.53 0.41301
4.71239 0.54 0.429358
4.71239 0.55 0.449002
4.71239 0.56 0.473254
4.71239 0.57 0.504219
4.71239 0.58 0.545446
4.71239 0.59 0.60325
4.71239 0.6 0.689155
4.71239 0.61 0.819363
4.71239 0.62 0.921321
4.71239 0.63 0.181867
4.71239 0.64 -0.272254
4.71239 0.65 -0.134185
4.71239 0.66 -0.0150966
4.71239 0.67 0.0632588
4.71239 0.68 0.117089
4.71239 0.69 0.1564
4.71239 0.7 0.186671
4.71239 0.71 0.211019
4.71239 0.72 0.231319
4.71239 0.73 0.248757
4.71239 0.74 0.264118
4.71239 0.75 0.277945
4.71239 0.76 0.290622
4.71239 0.77 0.302435
4.71239 0.78 0.313597
4.71239 0.79 0.324278
4.71239 0.8 0.334612
4.71239 0.81 0.344712
4.71239 0.82 0.354677
4.71239 0.83 0.364596
4.71239 0.84 0.374555
4.71239 0.85 0.384642
4.71239 0.86 0.394958
4.71239 0.87 0.40562
4.71239 0.88 0.416787
4.71239 0.89 0.428683
4.71239 0.9 0.441657
4.71239 0.91 0.456301
4.71239 0.92 0.473665
4.71239 0.93 0.49538
4.71239 0.94 0.518245
4.71239 0.95 0.47612
4.71239 0.96 0.422694
4.71239 0.97 0.44525
4.71239 0.98 0.469399
4.71239 0.99 0.489872
4.71239 1 0.508329
4.71239 1.01 0.525925
4.71239 1.02 0.543338
4.71239 1.03 0.561006
4.71239 1.04 0.57925
4.71239 1.05 0.598341
4.71239 1.06 0.618542
4.71239 1.07 0.64013
4.71239 1.08 0.663422
4.71239 1.09 0.688799
4.71239 1.1 0.716742
4.71239 1.11 0.747872
4.71239 1.12 0.783026
4.71239 1.13 0.823357
4.71239 1.14 0.870519
4.71239 1.15 0.926969
4.71239 1.16 0.996527
4.71239 1.17 1.08543
4.71239 1.18 1.20445
4.71239 1.19 1.37312
4.71239 1.2 1.6253
4.71239 1.21 1.96747
4.71239 1.22 1.57651
4.71239 1.23 -0.49634
4.71239 1.24 -0.443233
4.71239 1.25 -0.0917807
4.71239 1.26 0.155387
4.71239 1.27 0.18488
4.71239 1.28 0.218047
4.71239 1.29 0.33644
4.71239 1.3 0.437409
4.71239 1.31 0.522232
4.71239 1.32 0.597417
4.71239 1.33 0.667282
4.71239 1.34 0.734724
4.71239 1.35 0.801913
4.71239 1.36 0.870694
4.71239 1.37 0.942886
4.71239 1.38 1.02056
4.71239 1.39 1.10644
4.71239 1.4 1.20457
4.71239 1.41 1.32092
4.71239 1.42 1.45244
4.71239 1.43 1.4429
4.71239 1.44 1.35512
4.71239 1.45 1.51959
4.71239 1.46 1.71799
4.71239 1.47 1.93637
4.71239 1.48 2.19042
4.71239 1.49 2.50045
4.71239 1.5 2.89528
4.71239 1.51 3.42092
4.71239 1.52 4.15706
4.71239 1.53 5.24848
4.71239 1.54 6.93002
4.71239 1.55 8.90683
4.71239 1.56 2.44626
4.71239 1.57 -8.48038
4.71239 1.58 -7.06757
4.71239 1.59 -5.20162
4.71239 1.6 -3.97866
4.71239 1.61 -3.16381
4.71239 1.62 -2.58735
4.71239 1.63 -2.1572
4.71239 1.64 -1.82106
4.71239 1.65 -1.54741
4.71239 1.66 -1.31592
4.71239 1.67 -1.11235
4.71239 1.68 -0.925499
4.71239 1.69 -0.744995
4.71239 1.7 -0.558852
4.71239 1.71 -0.350031
4.71239 1.72 -0.095008
4.71239 1.73 0.155985
4.71239 1.74 -0.502055
4.71239 1.75 -1.17008
4.71239 1.76 -0.920618
4.71239 1.77 -0.665097
4.71239 1.78 -0.454165
4.71239 1.79 -0.262017
4.71239 1.8 -0.0674935
4.71239 1.81 0.148821
4.71239 1.82 0.411268
4.71239 1.83 0.758231
4.71239 1.84 1.25607
4.71239 1.85 1.98169
4.71239 1.86 2.26031
4.71239 1.87 -2.25392
4.71239 1.88 -3.60737
4.71239 1.89 -2.85036
4.71239 1.9 -2.2711
4.71239 1.91 -1.88745
4.71239 1.92 -1.61985
4.71239 1.93 -1.42152
4.71239 1.94 -1.26662
4.71239 1.95 -1.14008
4.71239 1.96 -1.03258
4.71239 1.97 -0.937911
4.71239 1.98 -0.850937
4.71239 1.99 -0.767903
4.71239 2 -0.684948
4.71239 2.01 -0.597454
4.71239 2.02 -0.498899
4.71239 2.03 -0.378632
4.71239 2.04 -0.218238
4.71239 2.05 0.00602451
4.71239 2.06 0.149743
4.71239 2.07 -1.03408
4.71239 2.08 -1.54483
4.71239 2.09 -1.313
4.71239 2.1 -1.1224
4.71239 2.11 -0.989777
4.71239 2.12 -0.890825
4.71239 2.13 -0.810146
4.71239 2.14 -0.737824
4.71239 2.15 -0.665768
4.71239 2.16 -0.589474
4.71239 2.17 -0.570898
4.71239 2.18 -0.641363
4.71239 2.19 -0.6547
4.71239 2.2 -0.856897
4.71239 2.21 -0.82056
4.71239 2.22 -0.756028
4.71239 2.23 -0.715766
4.71239 2.24 -0.681078
4.71239 2.25 -0.64965
4.71239 2.26 -0.622995
4.71239 2.27 -0.599681
4.71239 2.28 -0.578622
4.71239 2.29 -0.55904
4.71239 2.3 -0.540293
4.71239 2.31 -0.521729
4.71239 2.32 -0.502517
4.71239 2.33 -0.481389
4.71239 2.34 -0.456435
4.71239 2.35 -0.429573
4.71239 2.36 -0.45064
4.71239 2.37 -0.498704
4.71239 2.38 -0.550338
4.71239 2.39 -0.530332
4.71239 2.4 -0.506289
4.71239 2.41 -0.487782
4.71239 2.42 -0.472946
4.71239 2.43 -0.460374
4.71239 2.44 -0.449259
4.71239 2.45 -0.439108
4.71239 2.46 -0.429618
4.71239 2.47 -0.421203
4.71239 2.48 -0.41444
4.71239 2.49 -0.406233
4.71239 2.5 -0.397796
4.71239 2.51 -0.389169
4.71239 2.52 -0.379899
4.71239 2.53 -0.369258
4.71239 2.54 -0.357248
4.71239 2.55 -0.362153
4.71239 2.56 -0.396827
4.71239 2.57 -0.390149
4.71239 2.58 -0.379125
4.71239 2.59 -0.370186
4.71239 2.6 -0.362746
4.71239 2.61 -0.357111
4.71239 2.62 -0.352022
4.71239 2.63 -0.346485
4.71239 2.64 -0.341236
4.71239 2.65 -0.336236
4.71239 2.66 -0.331397
4.71239 2.67 -0.326637
4.71239 2.68 -0.321865
4.71239 2.69 -0.316999
4.71239 2.7 -0.312617
4.71239 2.71 -0.310258
4.71239 2.72 -0.305315
4.71239 2.73 -0.299165
4.71239 2.74 -0.291923
4.71239 2.75 -0.284439
4.71239 2.76 -0.29682
4.71239 2.77 -0.314674
4.71239 2.78 -0.307966
4.71239 2.79 -0.300899
4.71239 2.8 -0.297199
4.71239 2.81 -0.293803
4.71239 2.82 -0.289524
4.71239 2.83 -0.285642
4.71239 2.84 -0.282103
4.71239 2.85 -0.278796
4.71239 2.86 -0.275649
4.71239 2.87 -0.272613
4.71239 2.88 -0.269642
4.71239 2.89 -0.26669
4.71239 2.9 -0.263693
4.71239 2.91 -0.260555
4.71239 2.92 -0.257261
4.71239 2.93 -0.255944
4.71239 2.94 -0.257893
4.71239 2.95 -0.255434
4.71239 2.96 -0.254283
4.71239 2.97 -0.251827
4.71239 2.98 -0.249024
4.71239 2.99 -0.24639
4.71239 3 -0.243849
4.71239 3.01 -0.241308
4.71239 3.02 -0.23866
4.71239 3.03 -0.235881
4.71239 3.04 -0.234949
4.71239 3.05 -0.237743
4.71239 3.06 -0.235729
4.71239 3.07 -0.233151
4.71239 3.08 -0.230832
4.71239 3.09 -0.228698
4.71239 3.1 -0.226676
4.71239 3.11 -0.224721
4.71239 3.12 -0.222804
4.71239 3.13 -0.220898
4.71239 3.14 -0.218972
5.23599 0 0.0379253
5.23599 0.01 0.0382943
5.23599 0.02 0.0386738
5.23599 0.03 0.0390643
5.23599 0.04 0.0394668
5.23599 0.05 0.0398821
5.23599 0.06 0.0403115
5.23599 0.07 0.0407561
5.23599 0.08 0.0412174
5.23599 0.09 0.0416973
5.23599 0.1 0.0421978
5.23599 0.11 0.0427215
5.23599 0.12 0.0432716
5.23599 0.13 0.0438521
5.23599 0.14 0.0444678
5.23599 0.15 0.0451254
5.23599 0.16 0.0458333
5.23599 0.17 0.0466031
5.23599 0.18 0.0474507
5.23599 0.19 0.0483992
5.23599 0.2 0.0494824
5.23599 0.21 0.0507533
5.23599 0.22 0.0522983
5.23599 0.23 0.054269
5.23599 0.24 0.0569525
5.23599 0.25 0.0609479
5.23599 0.26 0.0676048
5.23599 0.27 0.0790229
5.23599 0.28 0.0757338
5.23599 0.29 0.0417151
5.23599 0.3 0.0380013
5.23599 0.31 0.0403134
5.23599 0.32 0.0427144
5.23599 0.33 0.0447442
5.23599 0.34 0.0464781
5.23599 0.35 0.0480128
5.23599 0.36 0.0494187
5.23599 0.37 0.0507441
5.23599 0.38 0.0520234
5.23599 0.39 0.0532816
5.23599 0.4 0.0545386
5.23599 0.41 0.0558108
5.23599 0.42 0.0571127
5.23599 0.43 0.0584584
5.23599 0.44 0.059862
5.23599 0.45 0.0613389
5.23599 0.46 0.0629063
5.23599 0.47 0.0645845
5.23599 0.48 0.0663982
5.23599 0.49 0.0683782
5.23599 0.5 0.0705642
5.23599 0.51 0.0730084
5.23599 0.52 0.075782
5.23599 0.53 0.0789843
5.23599 0.54 0.0827589
5.23599 0.55 0.0873216
5.23599 0.56 0.0930117
5.23599 0.57 0.100393
5.23599 0.58 0.110472
5.23599 0.59 0.12519
5.23599 0.6 0.148695
5.23599 0.61 0.190311
5.23599 0.62 0.258128
5.23599 0.63 0.170548
5.23599 0.64 0.00622273
5.23599 0.65 -0.00225691
5.23599 0.66 0.00937987
5.23599 0.67 0.0200716
5.23599 0.68 0.0285111
5.23599 0.69 0.0352312
5.23599 0.7 0.0407557
5.23599 0.71 0.0454518
5.23599 0.72 0.0495675
5.23599 0.73 0.053273
5.23599 0.74 0.0566883
5.23599 0.75 0.0599012
5.23599 0.76 0.0629784
5.23599 0.77 0.065973
5.23599 0.78 0.068929
5.23599 0.79 0.0718851
5.23599 0.8 0.0748773
5.23599 0.81 0.0779417
5.23599 0.82 0.0811162
5.23599 0.83 0.0844441
5.23599 0.84 0.0879774
5.23599 0.85 0.0917826
5.23599 0.86 0.0959494
5.23599 0.87 0.100606
5.23599 0.88 0.105944
5.23599 0.89 0.112276
5.23599 0.9 0.120137
5.23599 0.91 0.13054
5.23599 0.92 0.145594
5.23599 0.93 0.170034
5.23599 0.94 0.210717
5.23599 0.95 0.194512
5.23599 0.96 0.0843562
5.23599 0.97 0.0753965
5.23599 0.98 0.0854578
5.23599 0.99 0.0959025
5.23599 1 0.105352
5.23599 1.01 0.114117
5.23599 1.02 0.12257
5.23599 1.03 0.131009
5.23599 1.04 0.139668
5.23599 1.05 0.148755
5.23599 1.06 0.158467
5.23599 1.07 0.169016
5.23599 1.08 0.180642
5.23599 1.09 0.193637
5.23599 1.1 0.20837
5.23599 1.11 0.225329
5.23599 1.12 0.245177
5.23599 1.13 0.26885
5.23599 1.14 0.297717
5.23599 1.15 0.333875
5.23599 1.16 0.380695
5.23599 1.17 0.443947
5.23599 1.18 0.534291
5.23599 1.19 0.673317
5.23599 1.2 0.908935
5.23599 1.21 1.33701
5.23599 1.22 1.62769
5.23599 1.23 0.0710667
5.23599 1.24 -0.350731
5.23599 1.25 -0.256013
5.23599 1.26 -0.10857
5.23599 1.27 -0.118236
5.23599 1.28 -0.223169
5.23599 1.29 -0.189528
5.23599 1.3 -0.142917
5.23599 1.31 -0.101439
5.23599 1.32 -0.064543
5.23599 1.33 -0.0302083
5.23599 1.34 0.00349676
5.23599 1.35 0.0385029
5.23599 1.36 0.077079
5.23599 1.37 0.122376
5.23599 1.38 0.179439
5.23599 1.39 0.257423
5.23599 1.4 0.374989
5.23599 1.41 0.573819
5.23599 1.42 0.923324
5.23599 1.43 0.884093
5.23599 1.44 -0.244039
5.23599 1.45 -0.40017
5.23599 1.46 -0.336914
5.23599 1.47 -0.266971
5.23599 1.48 -0.206312
5.23599 1.49 -0.150506
5.23599 1.5 -0.092063
5.23599 1.51 -0.0192231
5.23599 1.52 0.0903799
5.23599 1.53 0.23024
5.23599 1.54 -0.0375916
5.23599 1.55 -0.22061
5.23599 1.56 -0.211095
5.23599 1.57 -0.235806
5.23599 1.58 -0.212629
5.23599 1.59 -0.178479
5.23599 1.6 -0.156006
5.23599 1.61 -0.180281
5.23599 1.62 -0.174404
5.23599 1.63 -0.160453
5.23599 1.64 -0.147241
5.23599 1.65 -0.135147
5.23599 1.66 -0.123713
5.23599 1.67 -0.11239
5.23599 1.68 -0.100523
5.23599 1.69 -0.0871677
5.23599 1.7 -0.0706974
5.23599 1.71 -0.0478386
5.23599 1.72 -0.0113377
5.23599 1.73 0.0482769
5.23599 1.74 0.0103413
5.23599 1.75 -0.146096
5.23599 1.76 -0.157433
5.23599 1.77 -0.145271
5.23599 1.78 -0.133401
5.23599 1.79 -0.123464
5.23599 1.8 -0.114947
5.23599 1.81 -0.10723
5.23599 1.82 -0.0997055
5.23599 1.83 -0.0916096
5.23599 1.84 -0.0816237
5.23599 1.85 -0.0670629
5.23599 1.86 -0.0481222
5.23599 1.87 -0.0802281
5.23599 1.88 -0.107767
5.23599 1.89 -0.105554
5.23599 1.9 -0.100615
5.23599 1.91 -0.0962215
5.23599 1.92 -0.0924939
5.23599 1.93 -0.0892788
5.23599 1.94 -0.0864429
5.23599 1.95 -0.0838906
5.23599 1.96 -0.0815574
5.23599 1.97 -0.0794088
5.23599 1.98 -0.0773685
5.23599 1.99 -0.0753876
5.23599 2 -0.0733957
5.23599 2.01 -0.0716708
5.23599 2.02 -0.0710082
5.23599 2.03 -0.0696777
5.23599 2.04 -0.0681697
5.23599 2.05 -0.0666779
5.23599 2.06 -0.0652064
5.23599 2.07 -0.0639741
5.23599 2.08 -0.0628066
5.23599 2.09 -0.0614892
5.23599 2.1 -0.0601486
5.23599 2.11 -0.058784
5.23599 2.12 -0.0573678
5.23599 2.13 -0.0558554
5.23599 2.14 -0.0541737
5.23599 2.15 -0.0521912
5.23599 2.16 -0.0496463
5.23599 2.17 -0.0459642
5.23599 2.18 -0.0400029
5.23599 2.19 -0.0356553
5.23599 2.2 -0.0525247
5.23599 2.21 -0.0556287
5.23599 2.22 -0.0528075
5.23599 2.23 -0.055592
5.23599 2.24 -0.0564578
5.23599 2.25 -0.0551214
5.23599 2.26 -0.0538033
5.23599 2.27 -0.0525413
5.23599 2.28 -0.051371
5.23599 2.29 -0.050264
5.23599 2.3 -0.0491792
5.23599 2.31 -0.0480686
5.23599 2.32 -0.0468618
5.23599 2.33 -0.0454302
5.23599 2.34 -0.0434992
5.23599 2.35 -0.0406079
5.23599 2.36 -0.0400755
5.23599 2.37 -0.0467886
5.23599 2.38 -0.0471752
5.23599 2.39 -0.0459863
5.23599 2.4 -0.0445342
5.23599 2.41 -0.0431534
5.23599 2.42 -0.0442488
5.23599 2.43 -0.0442566
5.23599 2.44 -0.0433788
5.23599 2.45 -0.0423052
5.23599 2.46 -0.041048
5.23599 2.47 -0.041271
5.23599 2.48 -0.0419076
5.23599 2.49 -0.0411954
5.23599 2.5 -0.0401375
5.23599 2.51 -0.0392786
5.23599 2.52 -0.0405418
5.23599 2.53 -0.0405398
5.23599 2.54 -0.0400016
5.23599 2.55 -0.0394461
5.23599 2.56 -0.0389162
5.23599 2.57 -0.0384046
5.23599 2.58 -0.0378981
5.23599 2.59 -0.0373798
5.23599 2.6 -0.0368223
5.23599 2.61 -0.0361712
5.23599 2.62 -0.0353945
5.23599 2.63 -0.0354582
5.23599 2.64 -0.035633
5.23599 2.65 -0.0350362
5.23599 2.66 -0.0341721
5.23599 2.67 -0.0329234
5.23599 2.68 -0.0318484
5.23599 2.69 -0.0347198
5.23599 2.7 -0.0354087
5.23599 2.71 -0.0349137
5.23599 2.72 -0.0343117
5.23599 2.73 -0.0336693
5.23599 2.74 -0.0328994
5.23599 2.75 -0.0318626
5.23599 2.76 -0.031803
5.23599 2.77 -0.0336126
5.23599 2.78 -0.0335528
5.23599 2.79 -0.0331349
5.23599 2.8 -0.0327098
5.23599 2.81 -0.0322923
5.23599 2.82 -0.0318505
5.23599 2.83 -0.0313569
5.23599 2.84 -0.0313119
5.23599 2.85 -0.0314567
5.23599 2.86 -0.0311888
5.23599 2.87 -0.0308634
5.23599 2.88 -0.0305215
5.23599 2.89 -0.0301379
5.23599 2.9 -0.0296977
5.23599 2.91 -0.0297675
5.23599 2.92 -0.02992
5.23599 2.93 -0.0296868
5.23599 2.94 -0.0294075
5.23599 2.95 -0.0291227
5.23599 2.96 -0.0288221
5.23599 2.97 -0.0284791
5.23599 2.98 -0.0281486
5.23599 2.99 -0.0282965
5.23599 3 -0.0281885
5.23599 3.01 -0.0279144
5.23599 3.02 -0.027602
5.23599 3.03 -0.0272371
5.23599 3.04 -0.0267574
5.23599 3.05 -0.0260593
5.23599 3.06 -0.0259692
5.23599 3.07 -0.0274672
5.23599 3.08 -0.0275259
5.23599 3.09 -0.0272724
5.23599 3.1 -0.0270149
5.23599 3.11 -0.0267776
5.23599 3.12 -0.0265565
5.23599 3.13 -0.0263457
5.23599 3.14 -0.02614
5.75959 0 0.0224728
5.75959 0.01 0.0229133
5.75959 0.02 0.0233764
5.75959 0.03 0.023864
5.75959 0.04 0.0243789
5.75959 0.05 0.0249238
5.75959 0.06 0.0255024
5.75959 0.07 0.0261186
5.75959 0.08 0.0267773
5.75959 0.09 0.0274844
5.75959 0.1 0.028247
5.75959 0.11 0.029074
5.75959 0.12 0.0299762
5.75959 0.13 0.0309678
5.75959 0.14 0.0320667
5.75959 0.15 0.0332965
5.75959 0.16 0.0346893
5.75959 0.17 0.0362888
5.75959 0.18 0.0381573
5.75959 0.19 0.0403862
5.75959 0.2 0.043115
5.75959 0.21 0.0465678
5.75959 0.22 0.0511256
5.75959 0.23 0.0574885
5.75959 0.24 0.0670721
5.75959 0.25 0.0831184
5.75959 0.26 0.114244
5.75959 0.27 0.183947
5.75959 0.28 0.247495
5.75959 0.29 0.0858623
5.75959 0.3 0.0278708
5.75959 0.31 0.0184
5.75959 0.32 0.0182525
5.75959 0.33 0.0201519
5.75959 0.34 0.0225014
5.75959 0.35 0.0249044
5.75959 0.36 0.0272711
5.75959 0.37 0.0295993
5.75959 0.38 0.0319133
5.75959 0.39 0.0342444
5.75959 0.4 0.0366261
5.75959 0.41 0.0390926
5.75959 0.42 0.0416798
5.75959 0.43 0.0444267
5.75959 0.44 0.0473765
5.75959 0.45 0.0505795
5.75959 0.46 0.0540958
5.75959 0.47 0.0579989
5.75959 0.48 0.0623812
5.75959 0.49 0.067362
5.75959 0.5 0.0730982
5.75959 0.51 0.0798021
5.75959 0.52 0.0877684
5.75959 0.53 0.0974191
5.75959 0.54 0.10938
5.75959 0.55 0.124619
5.75959 0.56 0.144711
5.75959 0.57 0.172379
5.75959 0.58 0.21273
5.75959 0.59 0.276345
5.75959 0.6 0.388232
5.75959 0.61 0.616864
5.75959 0.62 1.13036
5.75959 0.63 1.21981
5.75959 0.64 0.219898
5.75959 0.65 -0.0391998
5.75959 0.66 -0.0830721
5.75959 0.67 -0.0850376
5.75959 0.68 -0.0779089
5.75959 0.69 -0.069192
5.75959 0.7 -0.060796
5.75959 0.71 -0.0531585
5.75959 0.72 -0.0462958
5.75959 0.73 -0.0401067
5.75959 0.74 -0.0344664
5.75959 0.75 -0.0292547
5.75959 0.76 -0.0243623
5.75959 0.77 -0.0196904
5.75959 0.78 -0.0151467
5.75959 0.79 -0.0106415
5.75959 0.8 -0.00608254
5.75959 0.81 -0.00136899
5.75959 0.82 0.00361642
5.75959 0.83 0.00901816
5.75959 0.84 0.0150241
5.75959 0.85 0.021891
5.75959 0.86 0.0299876
5.75959 0.87 0.0398704
5.75959 0.88 0.0524266
5.75959 0.89 0.0691636
5.75959 0.9 0.0928501
5.75959 0.91 0.129093
5.75959 0.92 0.19077
5.75959 0.93 0.312198
5.75959 0.94 0.58594
5.75959 0.95 0.814525
5.75959 0.96 0.191338
5.75959 0.97 -0.0381557
5.75959 0.98 -0.0783421
5.75959 0.99 -0.0821393
5.75959 1 -0.0781859
5.75959 1.01 -0.0727672
5.75959 1.02 -0.0674637
5.75959 1.03 -0.0626587
5.75959 1.04 -0.0583973
5.75959 1.05 -0.0546294
5.75959 1.06 -0.0512839
5.75959 1.07 -0.048292
5.75959 1.08 -0.0455927
5.75959 1.09 -0.0431342
5.75959 1.1 -0.0408714
5.75959 1.11 -0.038765
5.75959 1.12 -0.0367788
5.75959 1.13 -0.0348776
5.75959 1.14 -0.0330243
5.75959 1.15 -0.031175
5.75959 1.16 -0.0292717
5.75959 1.17 -0.0272271
5.75959 1.18 -0.0248904
5.75959 1.19 -0.021959
5.75959 1.2 -0.0177127
5.75959 1.21 -0.010198
5.75959 1.22 0.00149525
5.75959 1.23 -0.00767091
5.75959 1.24 -0.0111424
5.75959 1.25 -0.00233942
5.75959 1.26 0.0200857
5.75959 1.27 0.0258761
5.75959 1.28 -0.0170645
5.75959 1.29 -0.0279044
5.75959 1.3 -0.0291812
5.75959 1.31 -0.0286205
5.75959 1.32 -0.0276759
5.75959 1.33 -0.0266725
5.75959 1.34 -0.0256848
5.75959 1.35 -0.0247184
5.75959 1.36 -0.0237541
5.75959 1.37 -0.0227552
5.75959 1.38 -0.0216586
5.75959 1.39 -0.0203449
5.75959 1.4 -0.0185511
5.75959 1.41 -0.0155932
5.75959 1.42 -0.00959014
5.75959 1.43 -0.00319446
5.75959 1.44 -0.0159909
5.75959 1.45 -0.0208632
5.75959 1.46 -0.0213625
5.75959 1.47 -0.0210228
5.75959 1.48 -0.0204893
5.75959 1.49 -0.0198828
5.75959 1.5 -0.0191931
5.75959 1.51 -0.0183186
5.75959 1.52 -0.0169548
5.75959 1.53 -0.0145325
5.75959 1.54 -0.015217
5.75959 1.55 -0.0175362
5.75959 1.56 -0.0175832
5.75959 1.57 -0.0178784
5.75959 1.58 -0.0177307
5.75959 1.59 -0.0173263
5.75959 1.6 -0.0168432
5.75959 1.61 -0.0168871
5.75959 1.62 -0.0167758
5.75959 1.63 -0.0165335
5.75959 1.64 -0.0162719
5.75959 1.65 -0.0160105
5.75959 1.66 -0.0157515
5.75959 1.67 -0.0154927
5.75959 1.68 -0.0152295
5.75959 1.69 -0.0149525
5.75959 1.7 -0.014642
5.75959 1.71 -0.0142466
5.75959 1.72 -0.0136268
5.75959 1.73 -0.0129814
5.75959 1.74 -0.0137169
5.75959 1.75 -0.0139255
5.75959 1.76 -0.0137911
5.75959 1.77 -0.0135801
5.75959 1.78 -0.0133439
5.75959 1.79 -0.013088
5.75959 1.8 -0.0128053
5.75959 1.81 -0.0124786
5.75959 1.82 -0.0120747
5.75959 1.83 -0.0115224
5.75959 1.84 -0.0106499
5.75959 1.85 -0.00897685
5.75959 1.86 -0.00555269
5.75959 1.87 -0.00689919
5.75959 1.88 -0.0117248
5.75959 1.89 -0.0126537
5.75959 1.9 -0.0126851
5.75959 1.91 -0.0125348
5.75959 1.92 -0.0123399
5.75959 1.93 -0.0121282
5.75959 1.94 -0.0118957
5.75959 1.95 -0.0116124
5.75959 1.96 -0.0112598
5.75959 1.97 -0.0112151
5.75959 1.98 -0.0110623
5.75959 1.99 -0.0106679
5.75959 2 -0.00992169
5.75959 2.01 -0.00892193
5.75959 2.02 -0.0101266
5.75959 2.03 -0.0105968
5.75959 2.04 -0.0103447
5.75959 2.05 -0.00968349
5.75959 2.06 -0.00830369
5.75959 2.07 -0.0083059
5.75959 2.08 -0.010434
5.75959 2.09 -0.0108556
5.75959 2.1 -0.0108357
5.75959 2.11 -0.01073
5.75959 2.12 -0.0106057
5.75959 2.13 -0.010477
5.75959 2.14 -0.0103455
5.75959 2.15 -0.0102065
5.75959 2.16 -0.0100465
5.75959 2.17 -0.00983808
5.75959 2.18 -0.00971829
5.75959 2.19 -0.00964108
5.75959 2.2 -0.00935948
5.75959 2.21 -0.00912074
5.75959 2.22 -0.00922092
5.75959 2.23 -0.00910117
5.75959 2.24 -0.0094297
5.75959 2.25 -0.0094722
5.75959 2.26 -0.00939935
5.75959 2.27 -0.00930217
5.75959 2.28 -0.00919633
5.75959 2.29 -0.00908309
5.75959 2.3 -0.00895904
5.75959 2.31 -0.00881642
5.75959 2.32 -0.00863895
5.75959 2.33 -0.00838822
5.75959 2.34 -0.00796122
5.75959 2.35 -0.00725279
5.75959 2.36 -0.00740176
5.75959 2.37 -0.00705924
5.75959 2.38 -0.00727889
5.75959 2.39 -0.00847605
5.75959 2.4 -0.00868016
5.75959 2.41 -0.00863803
5.75959 2.42 -0.00853985
5.75959 2.43 -0.00841588
5.75959 2.44 -0.008258
5.75959 2.45 -0.00802324
5.75959 2.46 -0.00759759
5.75959 2.47 -0.00737873
5.75959 2.48 -0.00798357
5.75959 2.49 -0.00806349
5.75959 2.5 -0.00794214
5.75959 2.51 -0.00769667
5.75959 2.52 -0.00722135
5.75959 2.53 -0.00709705
5.75959 2.54 -0.00773911
5.75959 2.55 -0.00778245
5.75959 2.56 -0.00756732
5.75959 2.57 -0.00720025
5.75959 2.58 -0.00757427
5.75959 2.59 -0.00781023
5.75959 2.6 -0.00779986
5.75959 2.61 -0.00774029
5.75959 2.62 -0.00766758
5.75959 2.63 -0.00758624
5.75959 2.64 -0.00749094
5.75959 2.65 -0.00736394
5.75959 2.66 -0.00715459
5.75959 2.67 -0.00686919
5.75959 2.68 -0.00716155
5.75959 2.69 -0.00729686
5.75959 2.7 -0.00725392
5.75959 2.71 -0.0071599
5.75959 2.72 -0.00701968
5.75959 2.73 -0.00678216
5.75959 2.74 -0.00630786
5.75959 2.75 -0.00615231
5.75959 2.76 -0.0069568
5.75959 2.77 -0.00713605
5.75959 2.78 -0.00712547
5.75959 2.79 -0.00707545
5.75959 2.8 -0.00701124
5.75959 2.81 -0.00693063
5.75959 2.82 -0.00681111
5.75959 2.83 -0.00667647
5.75959 2.84 -0.00679973
5.75959 2.85 -0.00682746
5.75959 2.86 -0.00679119
5.75959 2.87 -0.00674053
5.75959 2.88 -0.00668281
5.75959 2.89 -0.00661573
5.75959 2.9 -0.00652947
5.75959 2.91 -0.00639608
5.75959 2.92 -0.00619418
5.75959 2.93 -0.00629502
5.75959 2.94 -0.00633741
5.75959 2.95 -0.00618994
5.75959 2.96 -0.00584802
5.75959 2.97 -0.00580747
5.75959 2.98 -0.00634064
5.75959 2.99 -0.00644229
5.75959 3 -0.0064262
5.75959 3.01 -0.00638497
5.75959 3.02 -0.00633404
5.75959 3.03 -0.00627172
5.75959 3.04 -0.00618324
5.75959 3.05 -0.00603118
5.75959 3.06 -0.0059909
5.75959 3.07 -0.00617383
5.75959 3.08 -0.00619399
5.75959 3.09 -0.00616962
5.75959 3.1 -0.00613652
5.75959 3.11 -0.00610128
5.75959 3.12 -0.00606502
5.75959 3.13 -0.00602744
5.75959 3.14 -0.00598733
6.28319 0 4.00686e-27
6.28319 0.01 4.04971e-27
6.28319 0.02 4.09333e-27
6.28319 0.03 4.13775e-27
6.28319 0.04 4.183e-27
6.28319 0.05 4.22909e-27
6.28319 0.06 4.27604e-27
6.28319 0.07 4.32388e-27
6.28319 0.08 4.37264e-27
6.28319 0.09 4.42234e-27
6.28319 0.1 4.47301e-27
6.28319 0.11 4.52467e-27
6.28319 0.12 4.57737e-27
6.28319 0.13 4.63112e-27
6.28319 0.14 4.68597e-27
6.28319 0.15 4.74195e-27
6.28319 0.16 4.7991e-27
6.28319 0.17 4.85746e-27
6.28319 0.18 4.9171e-27
6.28319 0.19 4.97808e-27
6.28319 0.2 5.04047e-27
6.28319 0.21 5.10439e-27
6.28319 0.22 5.17003e-27
6.28319 0.23 5.23771e-27
6.28319 0.24 5.30811e-27
6.28319 0.25 5.38291e-27
6.28319 0.26 5.46725e-27
6.28319 0.27 5.58018e-27
6.28319 0.28 5.7351e-27
6.28319 0.29 5.74388e-27
6.28319 0.3 5.77086e-27
6.28319 0.31 5.83348e-27
6.28319 0.32 5.90797e-27
6.28319 0.33 5.98791e-27
6.28319 0.34 6.0714e-27
6.28319 0.35 6.15778e-27
6.28319 0.36 6.24683e-27
6.28319 0.37 6.33849e-27
6.28319 0.38 6.4328e-27
6.28319 0.39 6.52983e-27
6.28319 0.4 6.62969e-27
6.28319 0.41 6.73253e-27
6.28319 0.42 6.83851e-27
6.28319 0.43 6.94783e-27
6.28319 0.44 7.06074e-27
6.28319 0.45 7.17752e-27
6.28319 0.46 7.29851e-27
6.28319 0.47 7.42416e-27
6.28319 0.48 7.55502e-27
6.28319 0.49 7.6918e-27
6.28319 0.5 7.83547e-27
6.28319 0.51 7.98736e-27
6.28319 0.52 8.14938e-27
6.28319 0.53 8.32435e-27
6.28319 0.54 8.51666e-27
6.28319 0.55 8.73348e-27
6.28319 0.56 8.98721e-27
6.28319 0.57 9.301e-27
6.28319 0.58 9.72207e-27
6.28319 0.59 1.03588e-26
6.28319 0.6 1.15019e-26
6.28319 0.61 1.41044e-26
6.28319 0.62 2.16587e-26
6.28319 0.63 3.09205e-26
6.28319 0.64 1.94576e-26
6.28319 0.65 1.40343e-26
6.28319 0.66 1.23306e-26
6.28319 0.67 1.17372e-26
6.28319 0.68 1.15519e-26
6.28319 0.69 1.15496e-26
6.28319 0.7 1.16434e-26
6.28319 0.71 1.17944e-26
6.28319 0.72 1.19836e-26
6.28319 0.73 1.22008e-26
6.28319 0.74 1.24403e-26
6.28319 0.75 1.26989e-26
6.28319 0.76 1.29748e-26
6.28319 0.77 1.32671e-26
6.28319 0.78 1.35754e-26
6.28319 0.79 1.38997e-26
6.28319 0.8 1.42401e-26
6.28319 0.81 1.45973e-26
6.28319 0.82 1.49717e-26
6.28319 0.83 1.53643e-26
6.28319 0.84 1.57759e-26
6.28319 0.85 1.62076e-26
6.28319 0.86 1.66606e-26
6.28319 0.87 1.71362e-26
6.28319 0.88 1.76359e-26
6.28319 0.89 1.81615e-26
6.28319 0.9 1.87148e-26
6.28319 0.91 1.92983e-26
6.28319 0.92 1.99151e-26
6.28319 0.93 2.05715e-26
6.28319 0.94 2.12833e-26
6.28319 0.95 2.20591e-26
6.28319 0.96 2.2776e-26
6.28319 0.97 2.35528e-26
6.28319 0.98 2.44015e-26
6.28319 0.99 2.53106e-26
6.28319 1 2.62806e-26
6.28319 1.01 2.73156e-26
6.28319 1.02 2.8421e-26
6.28319 1.03 2.96032e-26
6.28319 1.04 3.08696e-26
6.28319 1.05 3.22287e-26
6.28319 1.06 3.36899e-26
6.28319 1.07 3.52641e-26
6.28319 1.08 3.69637e-26
6.28319 1.09 3.88027e-26
6.28319 1.1 4.07974e-26
6.28319 1.11 4.29665e-26
6.28319 1.12 4.53316e-26
6.28319 1.13 4.79177e-26
6.28319 1.14 5.07543e-26
6.28319 1.15 5.38757e-26
6.28319 1.16 5.73227e-26
6.28319 1.17 6.11434e-26
6.28319 1.18 6.53958e-26
6.28319 1.19 7.01495e-26
6.28319 1.2 7.549e-26
6.28319 1.21 8.15251e-26
6.28319 1.22 8.83939e-26
6.28319 1.23 9.61887e-26
6.28319 1.24 1.05133e-25
6.28319 1.25 1.15512e-25
6.28319 1.26 1.27635e-25
6.28319 1.27 1.41915e-25
6.28319 1.28 1.58893e-25
6.28319 1.29 1.79322e-25
6.28319 1.3 2.04217e-25
6.28319 1.31 2.34998e-25
6.28319 1.32 2.73701e-25
6.28319 1.33 3.23332e-25
6.28319 1.34 3.88467e-25
6.28319 1.35 4.76355e-25
6.28319 1.36 5.99027e-25
6.28319 1.37 7.77615e-25
6.28319 1.38 1.05197e-24
6.28319 1.39 1.50434e-24
6.28319 1.4 2.32597e-24
6.28319 1.41 4.03818e-24
6.28319 1.42 8.37869e-24
6.28319 1.43 2.14221e-23
6.28319 1.44 3.42952e-23
6.28319 1.45 1.48923e-23
6.28319 1.46 6.23456e-24
6.28319 1.47 3.26864e-24
6.28319 1.48 2.0103e-24
6.28319 1.49 1.38434e-24
6.28319 1.5 1.04526e-24
6.28319 1.51 8.65573e-25
6.28319 1.52 8.08601e-25
6.28319 1.53 9.16772e-25
6.28319 1.54 1.18602e-24
6.28319 1.55 1.92868e-24
6.28319 1.56 3.73535e-24
6.28319 1.57 2.2946e-24
6.28319 1.58 1.13721e-24
6.28319 1.59 9.06421e-25
6.28319 1.6 1.17826e-24
6.28319 1.61 8.53257e-25
6.28319 1.62 4.93964e-25
6.28319 1.63 3.68551e-25
6.28319 1.64 3.22135e-25
6.28319 1.65 3.11643e-25
6.28319 1.66 3.2827e-25
6.28319 1.67 3.79651e-25
6.28319 1.68 5.01207e-25
6.28319 1.69 8.17989e-25
6.28319 1.7 1.25944e-24
6.28319 1.71 1.27748e-24
6.28319 1.72 2.13828e-24
6.28319 1.73 4.43719e-24
6.28319 1.74 3.60217e-24
6.28319 1.75 3.7247e-24
6.28319 1.76 6.67913e-24
6.28319 1.77 4.00777e-24
6.28319 1.78 1.69253e-24
6.28319 1.79 9.16537e-25
6.28319 1.8 6.0468e-25
6.28319 1.81 4.59917e-25
6.28319 1.82 3.93642e-25
6.28319 1.83 3.78871e-25
6.28319 1.84 4.21044e-25
6.28319 1.85 5.77284e-25
6.28319 1.86 8.2693e-25
6.28319 1.87 1.01251e-24
6.28319 1.88 1.93899e-24
6.28319 1.89 4.22031e-24
6.28319 1.9 3.48779e-24
6.28319 1.91 2.2215e-24
6.28319 1.92 1.00618e-24
6.28319 1.93 5.54964e-25
6.28319 1.94 3.71286e-25
6.28319 1.95 2.83159e-25
6.28319 1.96 2.38919e-25
6.28319 1.97 2.21959e-25
6.28319 1.98 2.3236e-25
6.28319 1.99 2.94151e-25
6.28319 2 5.10076e-25
6.28319 2.01 8.7518e-25
6.28319 2.02 5.09969e-25
6.28319 2.03 3.05808e-25
6.28319 2.04 2.72022e-25
6.28319 2.05 3.56622e-25
6.28319 2.06 5.82731e-25
6.28319 2.07 4.08138e-25
6.28319 2.08 2.6802e-25
6.28319 2.09 2.36223e-25
6.28319 2.1 2.44127e-25
6.28319 2.11 2.77328e-25
6.28319 2.12 3.40155e-25
6.28319 2.13 4.52792e-25
6.28319 2.14 6.69946e-25
6.28319 2.15 1.15752e-24
6.28319 2.16 2.52055e-24
6.28319 2.17 5.85228e-24
6.28319 2.18 4.25228e-24
6.28319 2.19 2.14729e-24
6.28319 2.2 1.99327e-24
6.28319 2.21 3.56191e-24
6.28319 2.22 5.99533e-24
6.28319 2.23 2.91409e-24
6.28319 2.24 1.33488e-24
6.28319 2.25 8.12947e-25
6.28319 2.26 6.24858e-25
6.28319 2.27 5.91632e-25
6.28319 2.28 7.01742e-25
6.28319 2.29 1.10279e-24
6.28319 2.3 2.3877e-24
6.28319 2.31 3.49402e-24
6.28319 2.32 2.03758e-24
6.28319 2.33 2.28543e-24
6.28319 2.34 3.29033e-24
6.28319 2.35 1.60343e-24
6.28319 2.36 7.71727e-25
6.28319 2.37 4.80359e-25
6.28319 2.38 3.57654e-25
6.28319 2.39 3.03257e-25
6.28319 2.4 2.88054e-25
6.28319 2.41 3.09911e-25
6.28319 2.42 3.95438e-25
6.28319 2.43 6.57898e-25
6.28319 2.44 1.42308e-24
6.28319 2.45 1.36739e-24
6.28319 2.46 6.56188e-25
6.28319 2.47 4.35223e-25
6.28319 2.48 3.86989e-25
6.28319 2.49 4.18758e-25
6.28319 2.5 5.34098e-25
6.28319 2.51 8.25739e-25
6.28319 2.52 1.66385e-24
6.28319 2.53 3.14109e-24
6.28319 2.54 2.0367e-24
6.28319 2.55 1.60059e-24
6.28319 2.56 2.26094e-24
6.28319 2.57 4.9166e-24
6.28319 2.58 1.02845e-23
6.28319 2.59 5.71067e-24
6.28319 2.6 2.3559e-24
6.28319 2.61 1.25983e-24
6.28319 2.62 8.39559e-25
6.28319 2.63 6.74262e-25
6.28319 2.64 6.56404e-25
6.28319 2.65 8.06353e-25
6.28319 2.66 1.34128e-24
6.28319 2.67 3.07732e-24
6.28319 2.68 4.13401e-24
6.28319 2.69 1.78908e-24
6.28319 2.7 8.77423e-25
6.28319 2.71 5.71671e-25
6.28319 2.72 4.66944e-25
6.28319 2.73 4.69319e-25
6.28319 2.74 5.9494e-25
6.28319 2.75 1.01346e-24
6.28319 2.76 2.34689e-24
6.28319 2.77 3.02037e-24
6.28319 2.78 1.29682e-24
6.28319 2.79 6.43185e-25
6.28319 2.8 4.19914e-25
6.28319 2.81 3.36612e-25
6.28319 2.82 3.20332e-25
6.28319 2.83 3.63956e-25
6.28319 2.84 5.17299e-25
6.28319 2.85 9.98334e-25
6.28319 2.86 2.17844e-24
6.28319 2.87 1.51527e-24
6.28319 2.88 6.98496e-25
6.28319 2.89 4.55924e-25
6.28319 2.9 4.07171e-25
6.28319 2.91 4.74157e-25
6.28319 2.92 7.25623e-25
6.28319 2.93 1.52694e-24
6.28319 2.94 3.27651e-24
6.28319 2.95 1.9855e-24
6.28319 2.96 8.54018e-25
6.28319 2.97 4.87743e-25
6.28319 2.98 3.50729e-25
6.28319 2.99 2.97913e-25
6.28319 3 2.89344e-25
6.28319 3.01 3.19154e-25
6.28319 3.02 4.07892e-25
6.28319 3.03 6.39214e-25
6.28319 3.04 1.3342e-24
6.28319 3.05 2.61943e-24
6.28319 3.06 1.49675e-24
6.28319 3.07 7.56942e-25
6.28319 3.08 5.51746e-25
6.28319 3.09 5.26507e-25
6.28319 3.1 6.04432e-25
6.28319 3.11 8.04462e-25
6.28319 3.12 1.24379e-24
6.28319 3.13 2.32304e-24
6.28319 3.14 5.548e-24
