0 0 3.01562e-33
0 0.05 3.39753e-33
0 0.1 3.88385e-33
0 0.15 4.53517e-33
0 0.2 5.48407e-33
0 0.25 7.09812e-33
0 0.3 1.08723e-32
0 0.35 3.02375e-32
0 0.4 3.03658e-31
0 0.45 2.31084e-32
0 0.5 1.60891e-32
0 0.55 1.76762e-32
0 0.6 2.26893e-32
0 0.65 3.23074e-32
0 0.7 5.17841e-32
0 0.75 9.97747e-32
0 0.8 2.78492e-31
0 0.85 2.5812e-30
0 0.9 1.53021e-30
0 0.95 2.33194e-31
0 1 9.6703e-32
0 1.05 6.12778e-32
0 1.1 5.43793e-32
0 1.15 7.03485e-32
0 1.2 1.5725e-31
0 1.25 1.538e-30
0 1.3 1.07719e-30
0 1.35 3.23813e-31
0 1.4 8.56247e-32
0 1.45 6.07885e-32
0 1.5 1.4666e-31
0 1.55 1.05584e-30
0 1.6 7.14497e-32
0 1.65 6.19071e-32
0 1.7 9.93251e-31
0 1.75 4.93225e-32
0 1.8 1.92266e-32
0 1.85 1.3797e-32
0 1.9 4.25856e-32
0 1.95 1.55823e-32
0 2 9.07016e-33
0 2.05 1.00557e-32
0 2.1 2.02696e-32
0 2.15 3.58427e-31
0 2.2 1.9827e-32
0 2.25 1.14171e-32
0 2.3 1.73739e-32
0 2.35 5.63287e-32
0 2.4 1.8058e-32
0 2.45 1.76112e-32
0 2.5 3.31579e-32
0 2.55 1.95062e-31
0 2.6 1.87436e-31
0 2.65 9.62335e-31
0 2.7 1.48881e-31
0 2.75 2.71907e-30
0 2.8 1.49839e-31
0 2.85 6.82856e-32
0 2.9 2.35582e-31
0 2.95 1.03154e-31
0 3 7.11649e-32
0 3.05 2.7468e-32
0 3.1 1.72015e-32
0.785398 0 -0.027175
0.785398 0.05 -0.028972
0.785398 0.1 -0.0310967
0.785398 0.15 -0.0336841
0.785398 0.2 -0.0369804
0.785398 0.25 -0.0415077
0.785398 0.3 -0.0486539
0.785398 0.35 -0.0632806
0.785398 0.4 0.139455
0.785398 0.45 -0.0119554
0.785398 0.5 -0.0323842
0.785398 0.55 -0.0439726
0.785398 0.6 -0.0549363
0.785398 0.65 -0.0681185
0.785398 0.7 -0.0866377
0.785398 0.75 -0.117006
0.785398 0.8 -0.178983
0.785398 0.85 -0.299588
0.785398 0.9 0.555025
0.785398 0.95 0.169155
0.785398 1 0.0846538
0.785398 1.05 0.0441183
0.785398 1.1 0.0150835
0.785398 1.15 -0.0148009
0.785398 1.2 -0.0614898
0.785398 1.25 -0.113827
0.785398 1.3 0.287719
0.785398 1.35 0.170015
0.785398 1.4 0.0999163
0.785398 1.45 0.0726203
0.785398 1.5 0.0552854
0.785398 1.55 0.0614076
0.785398 1.6 0.0441097
0.785398 1.65 0.0321793
0.785398 1.7 0.120086
0.785398 1.75 0.0553496
0.785398 1.8 0.0422151
0.785398 1.85 0.0363679
0.785398 1.9 0.0321708
0.785398 1.95 0.0391529
0.785398 2 0.0306464
0.785398 2.05 0.0276852
0.785398 2.1 0.0257135
0.785398 2.15 0.0244809
0.785398 2.2 0.0228092
0.785398 2.25 0.0214706
0.785398 2.3 0.0201279
0.785398 2.35 0.0184427
0.785398 2.4 0.0291617
0.785398 2.45 0.0203106
0.785398 2.5 0.0186773
0.785398 2.55 0.0176381
0.785398 2.6 0.0166933
0.785398 2.65 0.0194813
0.785398 2.7 0.016375
0.785398 2.75 0.0156783
0.785398 2.8 0.015179
0.785398 2.85 0.0145589
0.785398 2.9 0.0141439
0.785398 2.95 0.0139054
0.785398 3 0.0133153
0.785398 3.05 0.0130437
0.785398 3.1 0.0127436
1.5708 0 -0.181734
1.5708 0.05 -0.188843
1.5708 0.1 -0.196662
1.5708 0.15 -0.20536
1.5708 0.2 -0.215215
1.5708 0.25 -0.22676
1.5708 0.3 -0.241404
1.5708 0.35 -0.265729
1.5708 0.4 -0.204901
1.5708 0.45 -0.253346
1.5708 0.5 -0.279968
1.5708 0.55 -0.305199
1.5708 0.6 -0.334345
1.5708 0.65 -0.371346
1.5708 0.7 -0.42299
1.5708 0.75 -0.506065
1.5708 0.8 -0.681024
1.5708 0.85 -1.39783
1.5708 0.9 0.528976
1.5708 0.95 -0.0181845
1.5708 1 -0.185676
1.5708 1.05 -0.286558
1.5708 1.1 -0.371449
1.5708 1.15 -0.459573
1.5708 1.2 -0.569472
1.5708 1.25 -0.774563
1.5708 1.3 -0.700634
1.5708 1.35 -0.979192
1.5708 1.4 -1.3884
1.5708 1.45 -2.27151
1.5708 1.5 -5.7849
1.5708 1.55 5.91778
1.5708 1.6 2.06896
1.5708 1.65 1.05738
1.5708 1.7 0.793468
1.5708 1.75 0.731102
1.5708 1.8 0.421939
1.5708 1.85 0.137571
1.5708 1.9 -0.388527
1.5708 1.95 0.198487
1.5708 2 1.30218
1.5708 2.05 0.797824
1.5708 2.1 0.56076
1.5708 2.15 0.688772
1.5708 2.2 0.560918
1.5708 2.25 0.466816
1.5708 2.3 0.406684
1.5708 2.35 0.349259
1.5708 2.4 0.423162
1.5708 2.45 0.350005
1.5708 2.5 0.316383
1.5708 2.55 0.292119
1.5708 2.6 0.269819
1.5708 2.65 0.269886
1.5708 2.7 0.253942
1.5708 2.75 0.238084
1.5708 2.8 0.225447
1.5708 2.85 0.212436
1.5708 2.9 0.216846
1.5708 2.95 0.202035
1.5708 3 0.192692
1.5708 3.05 0.184582
1.5708 3.1 0.176456
2.35619 0 -0.0681731
2.35619 0.05 -0.0714577
2.35619 0.1 -0.0751118
2.35619 0.15 -0.0792108
2.35619 0.2 -0.0838587
2.35619 0.25 -0.0892138
2.35619 0.3 -0.0955825
2.35619 0.35 -0.104133
2.35619 0.4 -0.111149
2.35619 0.45 -0.117449
2.35619 0.5 -0.130049
2.35619 0.55 -0.145557
2.35619 0.6 -0.165914
2.35619 0.65 -0.194453
2.35619 0.7 -0.23835
2.35619 0.75 -0.316976
2.35619 0.8 -0.507234
2.35619 0.85 -1.61552
2.35619 0.9 0.43485
2.35619 0.95 0.170954
2.35619 1 0.0502357
2.35619 1.05 -0.0273041
2.35619 1.1 -0.100695
2.35619 1.15 -0.201832
2.35619 1.2 -0.424526
2.35619 1.25 -1.85962
2.35619 1.3 0.428581
2.35619 1.35 0.29102
2.35619 1.4 0.168137
2.35619 1.45 0.0896951
2.35619 1.5 -0.0242503
2.35619 1.55 0.066052
2.35619 1.6 -0.0189572
2.35619 1.65 -0.191967
2.35619 1.7 -1.18034
2.35619 1.75 0.239598
2.35619 1.8 0.13881
2.35619 1.85 0.0728274
2.35619 1.9 -0.030391
2.35619 1.95 -0.583078
2.35619 2 0.186724
2.35619 2.05 0.130522
2.35619 2.1 0.0948902
2.35619 2.15 0.0558455
2.35619 2.2 0.0792206
2.35619 2.25 0.0564164
2.35619 2.3 0.0246375
2.35619 2.35 -0.0664122
2.35619 2.4 0.00487054
2.35619 2.45 0.143502
2.35619 2.5 0.109668
2.35619 2.55 0.0923794
2.35619 2.6 0.0802357
2.35619 2.65 0.0690687
2.35619 2.7 0.0595077
2.35619 2.75 -0.0133778
2.35619 2.8 0.0788011
2.35619 2.85 0.0694776
2.35619 2.9 0.0638963
2.35619 2.95 0.060924
2.35619 3 0.0576554
2.35619 3.05 0.0544227
2.35619 3.1 0.052726
3.14159 0 0.094225
3.14159 0.05 0.123109
3.14159 0.1 0.167926
3.14159 0.15 0.243039
3.14159 0.2 0.383582
3.14159 0.25 0.695463
3.14159 0.3 1.63247
3.14159 0.35 7.36614
3.14159 0.4 92.2679
3.14159 0.45 4.1878
3.14159 0.5 1.22476
3.14159 0.55 0.57665
3.14159 0.6 0.336523
3.14159 0.65 0.222593
3.14159 0.7 0.160329
3.14159 0.75 0.12327
3.14159 0.8 0.100202
3.14159 0.85 0.085847
3.14159 0.9 0.0776716
3.14159 0.95 0.0747059
3.14159 1 0.0772644
3.14159 1.05 0.0874276
3.14159 1.1 0.111085
3.14159 1.15 0.165606
3.14159 1.2 0.319552
3.14159 1.25 1.30163
3.14159 1.3 8.40093
3.14159 1.35 3.22221
3.14159 1.4 0.54811
3.14159 1.45 0.224002
3.14159 1.5 0.125441
3.14159 1.55 0.0829552
3.14159 1.6 0.0610189
3.14159 1.65 0.0485468
3.14159 1.7 0.0412735
3.14159 1.75 0.0374615
3.14159 1.8 0.0367386
3.14159 1.85 0.0405791
3.14159 1.9 0.0612412
3.14159 1.95 0.646063
3.14159 2 0.0967952
3.14159 2.05 0.154288
3.14159 2.1 0.57635
3.14159 2.15 11.5225
3.14159 2.2 0.445664
3.14159 2.25 0.129184
3.14159 2.3 0.0642953
3.14159 2.35 0.0419473
3.14159 2.4 0.0318299
3.14159 2.45 0.0242958
3.14159 2.5 0.0216036
3.14159 2.55 0.0215878
3.14159 2.6 0.0254129
3.14159 2.65 0.0394817
3.14159 2.7 0.108202
3.14159 2.75 2.06369
3.14159 2.8 0.196305
3.14159 2.85 0.0497275
3.14159 2.9 0.0403387
3.14159 2.95 0.0194715
3.14159 3 0.0120196
3.14159 3.05 0.0136933
3.14159 3.1 0.00808812
3.92699 0 0.0669489
3.92699 0.05 0.0701025
3.92699 0.1 0.0736007
3.92699 0.15 0.0775109
3.92699 0.2 0.0819235
3.92699 0.25 0.0869696
3.92699 0.3 0.0928695
3.92699 0.35 0.100126
3.92699 0.4 0.0935468
3.92699 0.45 0.112676
3.92699 0.5 0.124731
3.92699 0.55 0.138877
3.92699 0.6 0.156989
3.92699 0.65 0.181653
3.92699 0.7 0.217971
3.92699 0.75 0.278216
3.92699 0.8 0.400601
3.92699 0.85 0.637551
3.92699 0.9 -1.01579
3.92699 0.95 -0.262045
3.92699 1 -0.0908729
3.92699 1.05 -0.00199919
3.92699 1.1 0.0698008
3.92699 1.15 0.154101
3.92699 1.2 0.299954
3.92699 1.25 0.463294
3.92699 1.3 -0.936052
3.92699 1.35 -0.396268
3.92699 1.4 -0.209466
3.92699 1.45 -0.120104
3.92699 1.5 -0.0472946
3.92699 1.55 -0.14751
3.92699 1.6 -0.0199429
3.92699 1.65 0.089643
3.92699 1.7 -1.27122
3.92699 1.75 -0.341971
3.92699 1.8 -0.172413
3.92699 1.85 -0.0995571
3.92699 1.9 -0.0276948
3.92699 1.95 -0.723151
3.92699 2 -0.243442
3.92699 2.05 -0.149099
3.92699 2.1 -0.1096
3.92699 2.15 -0.161872
3.92699 2.2 -0.0899584
3.92699 2.25 -0.0659094
3.92699 2.3 -0.0401077
3.92699 2.35 0.007283
3.92699 2.4 -0.660202
3.92699 2.45 -0.176074
3.92699 2.5 -0.120466
3.92699 2.55 -0.0984025
3.92699 2.6 -0.0849272
3.92699 2.65 -0.0815704
3.92699 2.7 -0.0663107
3.92699 2.75 -0.0791662
3.92699 2.8 -0.0886418
3.92699 2.85 -0.0726363
3.92699 2.9 -0.0663139
3.92699 2.95 -0.0628082
3.92699 3 -0.0589136
3.92699 3.05 -0.0561683
3.92699 3.1 -0.0537592
4.71239 0 0.181734
4.71239 0.05 0.188843
4.71239 0.1 0.196662
4.71239 0.15 0.20536
4.71239 0.2 0.215215
4.71239 0.25 0.22676
4.71239 0.3 0.241404
4.71239 0.35 0.265729
4.71239 0.4 0.204901
4.71239 0.45 0.253346
4.71239 0.5 0.279968
4.71239 0.55 0.305199
4.71239 0.6 0.334345
4.71239 0.65 0.371346
4.71239 0.7 0.42299
4.71239 0.75 0.506065
4.71239 0.8 0.681024
4.71239 0.85 1.39783
4.71239 0.9 -0.528976
4.71239 0.95 0.0181845
4.71239 1 0.185676
4.71239 1.05 0.286558
4.71239 1.1 0.371449
4.71239 1.15 0.459573
4.71239 1.2 0.569472
4.71239 1.25 0.774563
4.71239 1.3 0.700634
4.71239 1.35 0.979192
4.71239 1.4 1.3884
4.71239 1.45 2.27151
4.71239 1.5 5.7849
4.71239 1.55 -5.91778
4.71239 1.6 -2.06896
4.71239 1.65 -1.05738
4.71239 1.7 -0.793468
4.71239 1.75 -0.731102
4.71239 1.8 -0.421939
4.71239 1.85 -0.137571
4.71239 1.9 0.388527
4.71239 1.95 -0.198487
4.71239 2 -1.30218
4.71239 2.05 -0.797824
4.71239 2.1 -0.56076
4.71239 2.15 -0.688772
4.71239 2.2 -0.560918
4.71239 2.25 -0.466816
4.71239 2.3 -0.406684
4.71239 2.35 -0.349259
4.71239 2.4 -0.423162
4.71239 2.45 -0.350005
4.71239 2.5 -0.316383
4.71239 2.55 -0.292119
4.71239 2.6 -0.269819
4.71239 2.65 -0.269886
4.71239 2.7 -0.253942
4.71239 2.75 -0.238084
4.71239 2.8 -0.225447
4.71239 2.85 -0.212436
4.71239 2.9 -0.216846
4.71239 2.95 -0.202035
4.71239 3 -0.192692
4.71239 3.05 -0.184582
4.71239 3.1 -0.176456
5.49779 0 0.0278614
5.49779 0.05 0.0297779
5.49779 0.1 0.0320682
5.49779 0.15 0.0349023
5.49779 0.2 0.0386091
5.49779 0.25 0.0439536
5.49779 0.3 0.0533491
5.49779 0.35 0.0810219
5.49779 0.4 0.0688949
5.49779 0.45 0.0231631
5.49779 0.5 0.0374299
5.49779 0.55 0.0482783
5.49779 0.6 0.0598303
5.49779 0.65 0.0747036
5.49779 0.7 0.0969212
5.49779 0.75 0.136591
5.49779 0.8 0.233393
5.49779 0.85 0.803087
5.49779 0.9 -0.256497
5.49779 0.95 -0.123555
5.49779 1 -0.065598
5.49779 1.05 -0.0318037
5.49779 1.1 -0.00371322
5.49779 1.15 0.0304619
5.49779 1.2 0.0994936
5.49779 1.25 0.523308
5.49779 1.3 -0.107752
5.49779 1.35 -0.127178
5.49779 1.4 -0.0866091
5.49779 1.45 -0.0648894
5.49779 1.5 -0.0446431
5.49779 1.55 -0.0507216
5.49779 1.6 -0.0394317
5.49779 1.65 -0.0238836
5.49779 1.7 0.0452771
5.49779 1.75 -0.0476986
5.49779 1.8 -0.0394676
5.49779 1.85 -0.0345822
5.49779 1.9 -0.0303281
5.49779 1.95 -0.0205818
5.49779 2 -0.0291708
5.49779 2.05 -0.0268315
5.49779 2.1 -0.0250184
5.49779 2.15 -0.023416
5.49779 2.2 -0.0222597
5.49779 2.25 -0.0209427
5.49779 2.3 -0.0195075
5.49779 2.35 -0.0169242
5.49779 2.4 -0.0180839
5.49779 2.45 -0.0194765
5.49779 2.5 -0.018227
5.49779 2.55 -0.0172599
5.49779 2.6 -0.0161942
5.49779 2.65 -0.014458
5.49779 2.7 -0.015943
5.49779 2.75 -0.0147676
5.49779 2.8 -0.0149012
5.49779 2.85 -0.0143318
5.49779 2.9 -0.0137877
5.49779 2.95 -0.0135992
5.49779 3 -0.0131108
5.49779 3.05 -0.0121967
5.49779 3.1 -0.0125021
6.28319 0 5.2868e-33
6.28319 0.05 6.46547e-33
6.28319 0.1 8.20687e-33
6.28319 0.15 1.09905e-32
6.28319 0.2 1.5976e-32
6.28319 0.25 2.66326e-32
6.28319 0.3 5.77573e-32
6.28319 0.35 2.45115e-31
6.28319 0.4 3.00833e-30
6.28319 0.45 1.44266e-31
6.28319 0.5 4.99414e-32
6.28319 0.55 3.19272e-32
6.28319 0.6 2.89694e-32
6.28319 0.65 3.36563e-32
6.28319 0.7 4.81966e-32
6.28319 0.75 8.75425e-32
6.28319 0.8 2.37619e-31
6.28319 0.85 2.1805e-30
6.28319 0.9 1.29314e-30
6.28319 0.95 1.98248e-31
6.28319 1 8.28729e-32
6.28319 1.05 5.28638e-32
6.28319 1.1 4.70182e-32
6.28319 1.15 6.0655e-32
6.28319 1.2 1.34907e-31
6.28319 1.25 1.31519e-30
6.28319 1.3 9.21393e-31
6.28319 1.35 2.77203e-31
6.28319 1.4 7.34482e-32
6.28319 1.45 5.20295e-32
6.28319 1.5 1.24321e-31
6.28319 1.55 8.91534e-31
6.28319 1.6 6.06857e-32
6.28319 1.65 5.25869e-32
6.28319 1.7 8.38568e-31
6.28319 1.75 4.19049e-32
6.28319 1.8 1.64842e-32
6.28319 1.85 1.18864e-32
6.28319 1.9 3.6179e-32
6.28319 1.95 1.36673e-32
6.28319 2 7.89548e-33
6.28319 2.05 8.76636e-33
6.28319 2.1 1.77054e-32
6.28319 2.15 3.11568e-31
6.28319 2.2 1.72185e-32
6.28319 2.25 9.87535e-33
6.28319 2.3 1.48694e-32
6.28319 2.35 4.79479e-32
6.28319 2.4 1.57846e-32
6.28319 2.45 1.50285e-32
6.28319 2.5 2.81129e-32
6.28319 2.55 1.64741e-31
6.28319 2.6 1.58299e-31
6.28319 2.65 8.12285e-31
6.28319 2.7 1.258e-31
6.28319 2.75 2.29609e-30
6.28319 2.8 1.26657e-31
6.28319 2.85 5.77481e-32
6.28319 2.9 1.99014e-31
6.28319 2.95 8.72537e-32
6.28319 3 6.01703e-32
6.28319 3.05 2.38017e-32
6.28319 3.1 1.46331e-32
