0		0		1.0401e-33
0		0.01		1.06561e-33
0		0.02		1.09219e-33
0		0.03		1.11991e-33
0		0.04		1.14884e-33
0		0.05		1.17908e-33
0		0.06		1.21069e-33
0		0.07		1.24378e-33
0		0.08		1.27845e-33
0		0.09		1.31482e-33
0		0.1		1.35303e-33
0		0.11		1.39321e-33
0		0.12		1.43554e-33
0		0.13		1.48021e-33
0		0.14		1.52743e-33
0		0.15		1.57748e-33
0		0.16		1.63064e-33
0		0.17		1.6873e-33
0		0.18		1.74792e-33
0		0.19		1.81306e-33
0		0.2		1.88349e-33
0		0.21		1.9602e-33
0		0.22		2.04459e-33
0		0.23		2.13868e-33
0		0.24		2.24554e-33
0		0.25		2.37012e-33
0		0.26		2.52091e-33
0		0.27		2.71372e-33
0		0.28		2.98104e-33
0		0.29		3.39842e-33
0		0.3		4.17338e-33
0		0.31		6.006e-33
0		0.32		1.13536e-32
0		0.33		1.52321e-32
0		0.34		8.18454e-33
0		0.35		5.4395e-33
0		0.36		4.59397e-33
0		0.37		4.33463e-33
0		0.38		4.30489e-33
0		0.39		4.38817e-33
0		0.4		4.53953e-33
0		0.41		4.73995e-33
0		0.42		4.9814e-33
0		0.43		5.26122e-33
0		0.44		5.57982e-33
0		0.45		5.93963e-33
0		0.46		6.34472e-33
0		0.47		6.80068e-33
0		0.48		7.31469e-33
0		0.49		7.89579e-33
0		0.5		8.5552e-33
0		0.51		9.30691e-33
0		0.52		1.01684e-32
0		0.53		1.11616e-32
0		0.54		1.23146e-32
0		0.55		1.36631e-32
0		0.56		1.52537e-32
0		0.57		1.7148e-32
0		0.58		1.94282e-32
0		0.59		2.22066e-32
0		0.6		2.56394e-32
0		0.61		2.99492e-32
0		0.62		3.54617e-32
0		0.63		4.26686e-32
0		0.64		5.234e-32
0		0.65		6.57362e-32
0		0.66		8.50333e-32
0		0.67		1.14244e-31
0		0.68		1.61417e-31
0		0.69		2.44552e-31
0		0.7		4.10191e-31
0		0.71		8.0407e-31
0		0.72		1.96789e-30
0		0.73		4.30244e-30
0		0.74		2.39869e-30
0		0.75		9.42292e-31
0		0.76		4.62036e-31
0		0.77		2.68519e-31
0		0.78		1.74288e-31
0		0.79		1.21941e-31
0		0.8		9.00247e-32
0		0.81		6.91893e-32
0		0.82		5.48613e-32
0		0.83		4.45979e-32
0		0.84		3.70013e-32
0		0.85		3.12254e-32
0		0.86		2.67345e-32
0		0.87		2.31763e-32
0		0.88		2.03114e-32
0		0.89		1.79727e-32
0		0.9		1.60405e-32
0		0.91		1.44277e-32
0		0.92		1.30695e-32
0		0.93		1.19168e-32
0		0.94		1.09321e-32
0		0.95		1.00866e-32
0		0.96		9.3575e-33
0		0.97		8.72723e-33
0		0.98		8.18192e-33
0		0.99		7.71095e-33
0		1		7.30653e-33
0		1.01		6.96365e-33
0		1.02		6.68053e-33
0		1.03		6.4599e-33
0		1.04		6.31226e-33
0		1.05		6.26401e-33
0		1.06		6.38061e-33
0		1.07		6.84445e-33
0		1.08		8.24935e-33
0		1.09		1.14351e-32
0		1.1		1.66768e-32
0		1.11		2.09242e-32
0		1.12		1.147e-32
0		1.13		7.57958e-33
0		1.14		6.2012e-33
0		1.15		5.60268e-33
0		1.16		5.31033e-33
0		1.17		5.16759e-33
0		1.18		5.11287e-33
0		1.19		5.1191e-33
0		1.2		5.1739e-33
0		1.21		5.2722e-33
0		1.22		5.41309e-33
0		1.23		5.5987e-33
0		1.24		5.83378e-33
0		1.25		6.12624e-33
0		1.26		6.48855e-33
0		1.27		6.94186e-33
0		1.28		7.52903e-33
0		1.29		8.36583e-33
0		1.3		9.80712e-33
0		1.31		1.10878e-32
0		1.32		1.13118e-32
0		1.33		1.23912e-32
0		1.34		1.4112e-32
0		1.35		1.6532e-32
0		1.36		2.00868e-32
0		1.37		2.52183e-32
0		1.38		3.01039e-32
0		1.39		3.80063e-32
0		1.4		5.10167e-32
0		1.41		7.29476e-32
0		1.42		1.13381e-31
0		1.43		1.99028e-31
0		1.44		4.2063e-31
0		1.45		1.09407e-30
0		1.46		1.531e-30
0		1.47		6.25732e-31
0		1.48		2.67623e-31
0		1.49		1.42051e-31
0		1.5		8.72671e-32
0		1.51		5.91153e-32
0		1.52		4.29868e-32
0		1.53		3.32164e-32
0		1.54		2.77891e-32
0		1.55		2.47957e-32
0		1.56		1.91406e-32
0		1.57		1.54886e-32
0		1.58		1.31636e-32
0		1.59		1.14907e-32
0		1.6		1.02236e-32
0		1.61		9.25007e-33
0		1.62		8.52726e-33
0		1.63		8.11216e-33
0		1.64		8.26036e-33
0		1.65		7.7513e-33
0		1.66		6.76882e-33
0		1.67		6.27732e-33
0		1.68		5.98444e-33
0		1.69		5.79393e-33
0		1.7		5.68124e-33
0		1.71		5.65377e-33
0		1.72		5.77788e-33
0		1.73		6.07822e-33
0		1.74		5.90112e-33
0		1.75		5.86475e-33
0		1.76		6.00619e-33
0		1.77		6.25814e-33
0		1.78		6.6175e-33
0		1.79		7.10518e-33
0		1.8		7.76115e-33
0		1.81		8.6531e-33
0		1.82		9.90313e-33
0		1.83		1.17676e-32
0		1.84		1.45309e-32
0		1.85		1.79772e-32
0		1.86		2.40747e-32
0		1.87		3.56635e-32
0		1.88		6.07923e-32
0		1.89		1.27981e-31
0		1.9		3.19025e-31
0		1.91		3.59121e-31
0		1.92		1.53289e-31
0		1.93		7.16639e-32
0		1.94		4.34083e-32
0		1.95		3.19994e-32
0		1.96		2.75165e-32
0		1.97		2.70569e-32
0		1.98		3.04492e-32
0		1.99		4.04886e-32
0		2		6.88739e-32
0		2.01		1.398e-31
0		2.02		1.24106e-31
0		2.03		7.91533e-32
0		2.04		8.08639e-32
0		2.05		1.16182e-31
0		2.06		2.19911e-31
0		2.07		5.36263e-31
0		2.08		7.46805e-31
0		2.09		3.92212e-31
0		2.1		3.97357e-31
0		2.11		5.68092e-31
0		2.12		2.74366e-31
0		2.13		1.23492e-31
0		2.14		6.94013e-32
0		2.15		4.51243e-32
0		2.16		3.2151e-32
0		2.17		2.43609e-32
0		2.18		1.92925e-32
0		2.19		1.58001e-32
0		2.2		1.3291e-32
0		2.21		1.1434e-32
0		2.22		1.0036e-32
0		2.23		8.98756e-33
0		2.24		8.25059e-33
0		2.25		7.90879e-33
0		2.26		8.19688e-33
0		2.27		9.50624e-33
0		2.28		9.18454e-33
0		2.29		8.29945e-33
0		2.3		8.68134e-33
0		2.31		6.41275e-33
0		2.32		5.32692e-33
0		2.33		4.89975e-33
0		2.34		4.77477e-33
0		2.35		4.99837e-33
0		2.36		6.13185e-33
0		2.37		8.19653e-33
0		2.38		6.00241e-33
0		2.39		4.68075e-33
0		2.4		4.28595e-33
0		2.41		4.25549e-33
0		2.42		4.58827e-33
0		2.43		5.84483e-33
0		2.44		8.18717e-33
0		2.45		6.12905e-33
0		2.46		4.66226e-33
0		2.47		4.22098e-33
0		2.48		4.12342e-33
0		2.49		4.14979e-33
0		2.5		4.33289e-33
0		2.51		4.87917e-33
0		2.52		5.23368e-33
0		2.53		4.85698e-33
0		2.54		4.77319e-33
0		2.55		4.90126e-33
0		2.56		5.1363e-33
0		2.57		5.46102e-33
0		2.58		5.91218e-33
0		2.59		6.64232e-33
0		2.6		7.77673e-33
0		2.61		8.03465e-33
0		2.62		8.6878e-33
0		2.63		9.53791e-33
0		2.64		1.05835e-32
0		2.65		1.28114e-32
0		2.66		1.43273e-32
0		2.67		1.56226e-32
0		2.68		1.79294e-32
0		2.69		2.17049e-32
0		2.7		2.71023e-32
0		2.71		3.46854e-32
0		2.72		4.70904e-32
0		2.73		6.856e-32
0		2.74		1.09899e-31
0		2.75		2.03499e-31
0		2.76		4.67158e-31
0		2.77		1.15939e-30
0		2.78		8.9357e-31
0		2.79		3.46864e-31
0		2.8		1.65523e-31
0		2.81		9.68966e-32
0		2.82		6.5841e-32
0		2.83		5.07007e-32
0		2.84		4.49556e-32
0		2.85		4.86986e-32
0		2.86		5.45608e-32
0		2.87		6.1402e-32
0		2.88		6.99537e-32
0		2.89		6.10626e-32
0		2.9		7.50542e-32
0		2.91		8.71132e-32
0		2.92		1.17603e-31
0		2.93		2.25558e-31
0		2.94		5.58414e-31
0		2.95		7.53692e-31
0		2.96		3.13968e-31
0		2.97		1.44628e-31
0		2.98		8.91049e-32
0		2.99		7.33339e-32
0		3		8.68611e-32
0		3.01		1.60734e-31
0		3.02		2.41387e-31
0		3.03		1.48854e-31
0		3.04		8.96417e-32
0		3.05		5.57013e-32
0		3.06		5.52281e-32
0		3.07		5.45713e-32
0		3.08		5.947e-32
0		3.09		3.86424e-32
0		3.1		3.83137e-32
0		3.11		4.47457e-32
0		3.12		2.49393e-32
0		3.13		1.6839e-32
0		3.14		1.62341e-32
0.628319		0		0.00359074
0.628319		0.01		0.00369772
0.628319		0.02		0.00381005
0.628319		0.03		0.00392816
0.628319		0.04		0.00405251
0.628319		0.05		0.00418365
0.628319		0.06		0.00432219
0.628319		0.07		0.00446882
0.628319		0.08		0.00462434
0.628319		0.09		0.00478969
0.628319		0.1		0.00496595
0.628319		0.11		0.00515441
0.628319		0.12		0.00535662
0.628319		0.13		0.00557443
0.628319		0.14		0.00581013
0.628319		0.15		0.00606655
0.628319		0.16		0.00634729
0.628319		0.17		0.00665695
0.628319		0.18		0.00700158
0.628319		0.19		0.00738929
0.628319		0.2		0.00783119
0.628319		0.21		0.008343
0.628319		0.22		0.00894761
0.628319		0.23		0.00967955
0.628319		0.24		0.0105932
0.628319		0.25		0.0117785
0.628319		0.26		0.0133933
0.628319		0.27		0.0157358
0.628319		0.28		0.0194243
0.628319		0.29		0.0259074
0.628319		0.3		0.0391751
0.628319		0.31		0.0727095
0.628319		0.32		0.173857
0.628319		0.33		0.246552
0.628319		0.34		0.108517
0.628319		0.35		0.053231
0.628319		0.36		0.0343619
0.628319		0.37		0.026578
0.628319		0.38		0.0229823
0.628319		0.39		0.0213002
0.628319		0.4		0.0206333
0.628319		0.41		0.0205777
0.628319		0.42		0.0209351
0.628319		0.43		0.0216037
0.628319		0.44		0.0225315
0.628319		0.45		0.0236953
0.628319		0.46		0.0250898
0.628319		0.47		0.0267231
0.628319		0.48		0.0286136
0.628319		0.49		0.0307902
0.628319		0.5		0.0332921
0.628319		0.51		0.0361708
0.628319		0.52		0.0394923
0.628319		0.53		0.0433411
0.628319		0.54		0.0478257
0.628319		0.55		0.0530858
0.628319		0.56		0.059304
0.628319		0.57		0.0667215
0.628319		0.58		0.0756615
0.628319		0.59		0.0865654
0.628319		0.6		0.100048
0.628319		0.61		0.116984
0.628319		0.62		0.138656
0.628319		0.63		0.166998
0.628319		0.64		0.205042
0.628319		0.65		0.257747
0.628319		0.66		0.333677
0.628319		0.67		0.448626
0.628319		0.68		0.634268
0.628319		0.69		0.96144
0.628319		0.7		1.61332
0.628319		0.71		3.16345
0.628319		0.72		7.74375
0.628319		0.73		16.9315
0.628319		0.74		9.43918
0.628319		0.75		3.70744
0.628319		0.76		1.81737
0.628319		0.77		1.05578
0.628319		0.78		0.684953
0.628319		0.79		0.478961
0.628319		0.8		0.353383
0.628319		0.81		0.271422
0.628319		0.82		0.21508
0.628319		0.83		0.174744
0.628319		0.84		0.144915
0.628319		0.85		0.122265
0.628319		0.86		0.10469
0.628319		0.87		0.0908049
0.628319		0.88		0.0796724
0.628319		0.89		0.0706399
0.628319		0.9		0.0632437
0.628319		0.91		0.0571489
0.628319		0.92		0.0521117
0.628319		0.93		0.0479542
0.628319		0.94		0.0445489
0.628319		0.95		0.0418094
0.628319		0.96		0.0396849
0.628319		0.97		0.0381606
0.628319		0.98		0.0372624
0.628319		0.99		0.0370704
0.628319		1		0.0377456
0.628319		1.01		0.0395829
0.628319		1.02		0.0431213
0.628319		1.03		0.0493848
0.628319		1.04		0.0604627
0.628319		1.05		0.081089
0.628319		1.06		0.12368
0.628319		1.07		0.227784
0.628319		1.08		0.539509
0.628319		1.09		1.05309
0.628319		1.1		0.596339
0.628319		1.11		0.33831
0.628319		1.12		0.164714
0.628319		1.13		0.0930436
0.628319		1.14		0.0617911
0.628319		1.15		0.0454345
0.628319		1.16		0.0357435
0.628319		1.17		0.0294987
0.628319		1.18		0.0252295
0.628319		1.19		0.0221852
0.628319		1.2		0.0199511
0.628319		1.21		0.0182838
0.628319		1.22		0.0170355
0.628319		1.23		0.016115
0.628319		1.24		0.0154677
0.628319		1.25		0.0150654
0.628319		1.26		0.0149021
0.628319		1.27		0.014994
0.628319		1.28		0.0153858
0.628319		1.29		0.0161647
0.628319		1.3		0.0174912
0.628319		1.31		0.0196672
0.628319		1.32		0.0233001
0.628319		1.33		0.0297443
0.628319		1.34		0.0424989
0.628319		1.35		0.0725504
0.628319		1.36		0.160609
0.628319		1.37		0.323332
0.628319		1.38		0.181806
0.628319		1.39		0.0880703
0.628319		1.4		0.0622902
0.628319		1.41		0.0603152
0.628319		1.42		0.0746378
0.628319		1.43		0.115234
0.628319		1.44		0.227636
0.628319		1.45		0.57477
0.628319		1.46		0.799905
0.628319		1.47		0.330349
0.628319		1.48		0.144315
0.628319		1.49		0.0788447
0.628319		1.5		0.0501691
0.628319		1.51		0.0354485
0.628319		1.52		0.0272336
0.628319		1.53		0.0230117
0.628319		1.54		0.0233179
0.628319		1.55		0.0258192
0.628319		1.56		0.0173582
0.628319		1.57		0.0126698
0.628319		1.58		0.0104137
0.628319		1.59		0.00901874
0.628319		1.6		0.00802569
0.628319		1.61		0.00726511
0.628319		1.62		0.00665825
0.628319		1.63		0.00616222
0.628319		1.64		0.00575147
0.628319		1.65		0.00541055
0.628319		1.66		0.00513133
0.628319		1.67		0.00491309
0.628319		1.68		0.00476622
0.628319		1.69		0.00472453
0.628319		1.7		0.00488611
0.628319		1.71		0.00557153
0.628319		1.72		0.00798296
0.628319		1.73		0.0125501
0.628319		1.74		0.008132
0.628319		1.75		0.00514688
0.628319		1.76		0.00408676
0.628319		1.77		0.00359854
0.628319		1.78		0.00331648
0.628319		1.79		0.0031277
0.628319		1.8		0.00299106
0.628319		1.81		0.00289297
0.628319		1.82		0.00284181
0.628319		1.83		0.00289904
0.628319		1.84		0.00305684
0.628319		1.85		0.00275745
0.628319		1.86		0.00256385
0.628319		1.87		0.00247189
0.628319		1.88		0.00241997
0.628319		1.89		0.00240439
0.628319		1.9		0.0024563
0.628319		1.91		0.00241061
0.628319		1.92		0.00231318
0.628319		1.93		0.00227751
0.628319		1.94		0.00226959
0.628319		1.95		0.00228132
0.628319		1.96		0.00231513
0.628319		1.97		0.00238141
0.628319		1.98		0.00250751
0.628319		1.99		0.00277848
0.628319		2		0.0034921
0.628319		2.01		0.00429444
0.628319		2.02		0.00356793
0.628319		2.03		0.00344786
0.628319		2.04		0.00375801
0.628319		2.05		0.00440792
0.628319		2.06		0.0055592
0.628319		2.07		0.00768541
0.628319		2.08		0.0120887
0.628319		2.09		0.0230243
0.628319		2.1		0.0561903
0.628319		2.11		0.101662
0.628319		2.12		0.047907
0.628319		2.13		0.0203219
0.628319		2.14		0.0110124
0.628319		2.15		0.0071149
0.628319		2.16		0.00517134
0.628319		2.17		0.00408295
0.628319		2.18		0.00342852
0.628319		2.19		0.00302395
0.628319		2.2		0.00278398
0.628319		2.21		0.00267414
0.628319		2.22		0.00269874
0.628319		2.23		0.00291976
0.628319		2.24		0.00355744
0.628319		2.25		0.00539729
0.628319		2.26		0.00837609
0.628319		2.27		0.00813943
0.628319		2.28		0.0116955
0.628319		2.29		0.0189859
0.628319		2.3		0.0275996
0.628319		2.31		0.0127686
0.628319		2.32		0.00608988
0.628319		2.33		0.00374649
0.628319		2.34		0.00271586
0.628319		2.35		0.00217505
0.628319		2.36		0.00185442
0.628319		2.37		0.00164728
0.628319		2.38		0.00150509
0.628319		2.39		0.00140348
0.628319		2.4		0.00132952
0.628319		2.41		0.0012767
0.628319		2.42		0.00124384
0.628319		2.43		0.00123948
0.628319		2.44		0.00129937
0.628319		2.45		0.00133958
0.628319		2.46		0.00128998
0.628319		2.47		0.0014139
0.628319		2.48		0.00180232
0.628319		2.49		0.0016082
0.628319		2.5		0.00142071
0.628319		2.51		0.001584
0.628319		2.52		0.00175122
0.628319		2.53		0.0015871
0.628319		2.54		0.00146637
0.628319		2.55		0.00152428
0.628319		2.56		0.0017159
0.628319		2.57		0.00208604
0.628319		2.58		0.00280715
0.628319		2.59		0.00439028
0.628319		2.6		0.00862176
0.628319		2.61		0.0212878
0.628319		2.62		0.0247881
0.628319		2.63		0.0101944
0.628319		2.64		0.00492838
0.628319		2.65		0.00308221
0.628319		2.66		0.00240317
0.628319		2.67		0.00220885
0.628319		2.68		0.00170907
0.628319		2.69		0.00147505
0.628319		2.7		0.00137946
0.628319		2.71		0.00125453
0.628319		2.72		0.00123414
0.628319		2.73		0.00130632
0.628319		2.74		0.00151727
0.628319		2.75		0.00205568
0.628319		2.76		0.00363209
0.628319		2.77		0.0076565
0.628319		2.78		0.00580159
0.628319		2.79		0.00286227
0.628319		2.8		0.0019895
0.628319		2.81		0.00182046
0.628319		2.82		0.00206223
0.628319		2.83		0.00292977
0.628319		2.84		0.00558796
0.628319		2.85		0.0127282
0.628319		2.86		0.0107805
0.628319		2.87		0.00542686
0.628319		2.88		0.0029651
0.628319		2.89		0.00183655
0.628319		2.9		0.00132916
0.628319		2.91		0.00108703
0.628319		2.92		0.000981565
0.628319		2.93		0.00101959
0.628319		2.94		0.000983352
0.628319		2.95		0.000783393
0.628319		2.96		0.000692824
0.628319		2.97		0.000645392
0.628319		2.98		0.000615046
0.628319		2.99		0.00059393
0.628319		3		0.000579336
0.628319		3.01		0.000570858
0.628319		3.02		0.000570775
0.628319		3.03		0.000585803
0.628319		3.04		0.000598521
0.628319		3.05		0.00063295
0.628319		3.06		0.000752569
0.628319		3.07		0.00113537
0.628319		3.08		0.00160545
0.628319		3.09		0.00112118
0.628319		3.1		0.000856837
0.628319		3.11		0.00066038
0.628319		3.12		0.000605061
0.628319		3.13		0.000641821
0.628319		3.14		0.000806568
1.25664		0		0.00269216
1.25664		0.01		0.00274845
1.25664		0.02		0.00280725
1.25664		0.03		0.00286877
1.25664		0.04		0.00293326
1.25664		0.05		0.00300101
1.25664		0.06		0.00307237
1.25664		0.07		0.00314771
1.25664		0.08		0.0032275
1.25664		0.09		0.00331229
1.25664		0.1		0.00340273
1.25664		0.11		0.00349962
1.25664		0.12		0.00360392
1.25664		0.13		0.00371683
1.25664		0.14		0.00383987
1.25664		0.15		0.00397493
1.25664		0.16		0.00412447
1.25664		0.17		0.00429173
1.25664		0.18		0.00448099
1.25664		0.19		0.00469811
1.25664		0.2		0.00495125
1.25664		0.21		0.00525205
1.25664		0.22		0.00561764
1.25664		0.23		0.00607412
1.25664		0.24		0.00666285
1.25664		0.25		0.00745257
1.25664		0.26		0.00856444
1.25664		0.27		0.010228
1.25664		0.28		0.01292
1.25664		0.29		0.0177586
1.25664		0.3		0.0278257
1.25664		0.31		0.0535377
1.25664		0.32		0.131478
1.25664		0.33		0.187413
1.25664		0.34		0.0804956
1.25664		0.35		0.0374947
1.25664		0.36		0.0226079
1.25664		0.37		0.0162579
1.25664		0.38		0.0131119
1.25664		0.39		0.0114082
1.25664		0.4		0.0104481
1.25664		0.41		0.00991404
1.25664		0.42		0.00964676
1.25664		0.43		0.00956025
1.25664		0.44		0.00960588
1.25664		0.45		0.00975557
1.25664		0.46		0.00999336
1.25664		0.47		0.0103111
1.25664		0.48		0.0107058
1.25664		0.49		0.011179
1.25664		0.5		0.0117354
1.25664		0.51		0.0123835
1.25664		0.52		0.0131353
1.25664		0.53		0.0140072
1.25664		0.54		0.0150211
1.25664		0.55		0.0162054
1.25664		0.56		0.0175981
1.25664		0.57		0.0192492
1.25664		0.58		0.0212263
1.25664		0.59		0.0236219
1.25664		0.6		0.0265646
1.25664		0.61		0.0302382
1.25664		0.62		0.0349113
1.25664		0.63		0.0409899
1.25664		0.64		0.0491094
1.25664		0.65		0.0603102
1.25664		0.66		0.076388
1.25664		0.67		0.100655
1.25664		0.68		0.139751
1.25664		0.69		0.208531
1.25664		0.7		0.345401
1.25664		0.71		0.670618
1.25664		0.72		1.63118
1.25664		0.73		3.5578
1.25664		0.74		1.98711
1.25664		0.75		0.785581
1.25664		0.76		0.389546
1.25664		0.77		0.230134
1.25664		0.78		0.152665
1.25664		0.79		0.109774
1.25664		0.8		0.0837605
1.25664		0.81		0.0669099
1.25664		0.82		0.0554502
1.25664		0.83		0.0473679
1.25664		0.84		0.0415117
1.25664		0.85		0.0371859
1.25664		0.86		0.0339517
1.25664		0.87		0.0315218
1.25664		0.88		0.0297027
1.25664		0.89		0.0283616
1.25664		0.9		0.0274056
1.25664		0.91		0.0267701
1.25664		0.92		0.0264105
1.25664		0.93		0.0262977
1.25664		0.94		0.0264154
1.25664		0.95		0.0267586
1.25664		0.96		0.0273341
1.25664		0.97		0.0281627
1.25664		0.98		0.029283
1.25664		0.99		0.0307602
1.25664		1		0.0327019
1.25664		1.01		0.0352878
1.25664		1.02		0.0388319
1.25664		1.03		0.0439167
1.25664		1.04		0.0517188
1.25664		1.05		0.0648969
1.25664		1.06		0.0904356
1.25664		1.07		0.150675
1.25664		1.08		0.328439
1.25664		1.09		0.617025
1.25664		1.1		0.331953
1.25664		1.11		0.167043
1.25664		1.12		0.106552
1.25664		1.13		0.0836369
1.25664		1.14		0.0747103
1.25664		1.15		0.0719016
1.25664		1.16		0.0724041
1.25664		1.17		0.0750876
1.25664		1.18		0.0794936
1.25664		1.19		0.0854881
1.25664		1.2		0.0931311
1.25664		1.21		0.102633
1.25664		1.22		0.114354
1.25664		1.23		0.128834
1.25664		1.24		0.146855
1.25664		1.25		0.169556
1.25664		1.26		0.198616
1.25664		1.27		0.23658
1.25664		1.28		0.287445
1.25664		1.29		0.357764
1.25664		1.3		0.458865
1.25664		1.31		0.611692
1.25664		1.32		0.858391
1.25664		1.33		1.29368
1.25664		1.34		2.16422
1.25664		1.35		4.24952
1.25664		1.36		10.4483
1.25664		1.37		21.9375
1.25664		1.38		11.6458
1.25664		1.39		4.6687
1.25664		1.4		2.37608
1.25664		1.41		1.47041
1.25664		1.42		1.07292
1.25664		1.43		0.946546
1.25664		1.44		1.11904
1.25664		1.45		2.0023
1.25664		1.46		2.5804
1.25664		1.47		1.24551
1.25664		1.48		0.725873
1.25664		1.49		0.57038
1.25664		1.5		0.558592
1.25664		1.51		0.661712
1.25664		1.52		0.956015
1.25664		1.53		1.75503
1.25664		1.54		4.23957
1.25664		1.55		7.4083
1.25664		1.56		3.41012
1.25664		1.57		1.44488
1.25664		1.58		0.775184
1.25664		1.59		0.491014
1.25664		1.6		0.347382
1.25664		1.61		0.265889
1.25664		1.62		0.21626
1.25664		1.63		0.185129
1.25664		1.64		0.166158
1.25664		1.65		0.15647
1.25664		1.66		0.155382
1.25664		1.67		0.164335
1.25664		1.68		0.188071
1.25664		1.69		0.238635
1.25664		1.7		0.348538
1.25664		1.71		0.621653
1.25664		1.72		1.44509
1.25664		1.73		2.95758
1.25664		1.74		1.57853
1.25664		1.75		0.657226
1.25664		1.76		0.352246
1.25664		1.77		0.229112
1.25664		1.78		0.170786
1.25664		1.79		0.141677
1.25664		1.8		0.12972
1.25664		1.81		0.132981
1.25664		1.82		0.160957
1.25664		1.83		0.256936
1.25664		1.84		0.418932
1.25664		1.85		0.285919
1.25664		1.86		0.236067
1.25664		1.87		0.28809
1.25664		1.88		0.463854
1.25664		1.89		0.984209
1.25664		1.9		2.45291
1.25664		1.91		2.14897
1.25664		1.92		0.83798
1.25664		1.93		0.396416
1.25664		1.94		0.229951
1.25664		1.95		0.152529
1.25664		1.96		0.110742
1.25664		1.97		0.0857573
1.25664		1.98		0.0697245
1.25664		1.99		0.0589434
1.25664		2		0.051517
1.25664		2.01		0.0464241
1.25664		2.02		0.043125
1.25664		2.03		0.0414247
1.25664		2.04		0.0414133
1.25664		2.05		0.0435815
1.25664		2.06		0.0491785
1.25664		2.07		0.0612643
1.25664		2.08		0.0881787
1.25664		2.09		0.157222
1.25664		2.1		0.3692
1.25664		2.11		0.660335
1.25664		2.12		0.314209
1.25664		2.13		0.136254
1.25664		2.14		0.0757465
1.25664		2.15		0.0500449
1.25664		2.16		0.0369201
1.25664		2.17		0.0292959
1.25664		2.18		0.0244434
1.25664		2.19		0.021147
1.25664		2.2		0.0188068
1.25664		2.21		0.0171091
1.25664		2.22		0.015894
1.25664		2.23		0.0151096
1.25664		2.24		0.0148291
1.25664		2.25		0.0153923
1.25664		2.26		0.0179513
1.25664		2.27		0.0267976
1.25664		2.28		0.0434395
1.25664		2.29		0.0301713
1.25664		2.3		0.0224757
1.25664		2.31		0.0150286
1.25664		2.32		0.011652
1.25664		2.33		0.0101142
1.25664		2.34		0.00923657
1.25664		2.35		0.00865816
1.25664		2.36		0.00824605
1.25664		2.37		0.00794437
1.25664		2.38		0.00773014
1.25664		2.39		0.00759922
1.25664		2.4		0.00756436
1.25664		2.41		0.00766338
1.25664		2.42		0.00798951
1.25664		2.43		0.00880181
1.25664		2.44		0.0108667
1.25664		2.45		0.0133167
1.25664		2.46		0.0163972
1.25664		2.47		0.029225
1.25664		2.48		0.0614868
1.25664		2.49		0.0429723
1.25664		2.5		0.0204128
1.25664		2.51		0.0140427
1.25664		2.52		0.0145307
1.25664		2.53		0.0150728
1.25664		2.54		0.00948976
1.25664		2.55		0.0070852
1.25664		2.56		0.00605769
1.25664		2.57		0.00550391
1.25664		2.58		0.005161
1.25664		2.59		0.00493608
1.25664		2.6		0.00479357
1.25664		2.61		0.00472647
1.25664		2.62		0.0047263
1.25664		2.63		0.00481518
1.25664		2.64		0.00509621
1.25664		2.65		0.00579895
1.25664		2.66		0.00770501
1.25664		2.67		0.0109595
1.25664		2.68		0.0124539
1.25664		2.69		0.0225526
1.25664		2.7		0.0291109
1.25664		2.71		0.0138763
1.25664		2.72		0.00787319
1.25664		2.73		0.00575952
1.25664		2.74		0.00488616
1.25664		2.75		0.00460251
1.25664		2.76		0.00496984
1.25664		2.77		0.00649639
1.25664		2.78		0.00556839
1.25664		2.79		0.00422343
1.25664		2.8		0.003808
1.25664		2.81		0.00374666
1.25664		2.82		0.00394863
1.25664		2.83		0.00461716
1.25664		2.84		0.00665522
1.25664		2.85		0.0121357
1.25664		2.86		0.0109388
1.25664		2.87		0.00693322
1.25664		2.88		0.00488097
1.25664		2.89		0.00434953
1.25664		2.9		0.00457189
1.25664		2.91		0.00569084
1.25664		2.92		0.00912639
1.25664		2.93		0.0196775
1.25664		2.94		0.0220027
1.25664		2.95		0.00995769
1.25664		2.96		0.00561154
1.25664		2.97		0.00401889
1.25664		2.98		0.00329214
1.25664		2.99		0.00290822
1.25664		3		0.00269623
1.25664		3.01		0.00260925
1.25664		3.02		0.00270752
1.25664		3.03		0.0032032
1.25664		3.04		0.00299437
1.25664		3.05		0.0025119
1.25664		3.06		0.00243484
1.25664		3.07		0.00269887
1.25664		3.08		0.00323851
1.25664		3.09		0.00369734
1.25664		3.1		0.00355554
1.25664		3.11		0.00249962
1.25664		3.12		0.00211103
1.25664		3.13		0.0019618
1.25664		3.14		0.00190989
1.88496		0		0.0034812
1.88496		0.01		0.00353886
1.88496		0.02		0.00359833
1.88496		0.03		0.00365972
1.88496		0.04		0.00372315
1.88496		0.05		0.00378874
1.88496		0.06		0.00385665
1.88496		0.07		0.00392703
1.88496		0.08		0.00400009
1.88496		0.09		0.00407602
1.88496		0.1		0.00415508
1.88496		0.11		0.00423757
1.88496		0.12		0.00432381
1.88496		0.13		0.00441422
1.88496		0.14		0.0045093
1.88496		0.15		0.00460966
1.88496		0.16		0.00471605
1.88496		0.17		0.00482946
1.88496		0.18		0.00495115
1.88496		0.19		0.00508282
1.88496		0.2		0.00522676
1.88496		0.21		0.00538622
1.88496		0.22		0.00556592
1.88496		0.23		0.00577293
1.88496		0.24		0.0060184
1.88496		0.25		0.00632069
1.88496		0.26		0.00671205
1.88496		0.27		0.0072533
1.88496		0.28		0.00807059
1.88496		0.29		0.00945923
1.88496		0.3		0.0122327
1.88496		0.31		0.0191395
1.88496		0.32		0.0398315
1.88496		0.33		0.0547251
1.88496		0.34		0.0266624
1.88496		0.35		0.0154706
1.88496		0.36		0.0117048
1.88496		0.37		0.0102011
1.88496		0.38		0.0095536
1.88496		0.39		0.00929873
1.88496		0.4		0.00925348
1.88496		0.41		0.00933562
1.88496		0.42		0.00950489
1.88496		0.43		0.00974068
1.88496		0.44		0.0100326
1.88496		0.45		0.010376
1.88496		0.46		0.0107702
1.88496		0.47		0.0112169
1.88496		0.48		0.0117203
1.88496		0.49		0.0122865
1.88496		0.5		0.0129238
1.88496		0.51		0.0136433
1.88496		0.52		0.0144587
1.88496		0.53		0.0153881
1.88496		0.54		0.0164542
1.88496		0.55		0.0176863
1.88496		0.56		0.0191228
1.88496		0.57		0.0208144
1.88496		0.58		0.0228287
1.88496		0.59		0.0252581
1.88496		0.6		0.0282314
1.88496		0.61		0.0319317
1.88496		0.62		0.036627
1.88496		0.63		0.0427219
1.88496		0.64		0.0508501
1.88496		0.65		0.0620483
1.88496		0.66		0.0781062
1.88496		0.67		0.102324
1.88496		0.68		0.141322
1.88496		0.69		0.209901
1.88496		0.7		0.346339
1.88496		0.71		0.670485
1.88496		0.72		1.62782
1.88496		0.73		3.54794
1.88496		0.74		1.9826
1.88496		0.75		0.785172
1.88496		0.76		0.390504
1.88496		0.77		0.231655
1.88496		0.78		0.154471
1.88496		0.79		0.111744
1.88496		0.8		0.0858352
1.88496		0.81		0.0690547
1.88496		0.82		0.0576431
1.88496		0.83		0.0495928
1.88496		0.84		0.0437555
1.88496		0.85		0.0394371
1.88496		0.86		0.0361987
1.88496		0.87		0.0337525
1.88496		0.88		0.0319037
1.88496		0.89		0.0305174
1.88496		0.9		0.0294982
1.88496		0.91		0.0287775
1.88496		0.92		0.0283059
1.88496		0.93		0.0280477
1.88496		0.94		0.0279777
1.88496		0.95		0.028079
1.88496		0.96		0.0283417
1.88496		0.97		0.0287626
1.88496		0.98		0.0293459
1.88496		0.99		0.0301045
1.88496		1		0.031064
1.88496		1.01		0.0322705
1.88496		1.02		0.033806
1.88496		1.03		0.0358235
1.88496		1.04		0.0386312
1.88496		1.05		0.0429231
1.88496		1.06		0.0505161
1.88496		1.07		0.067211
1.88496		1.08		0.114498
1.88496		1.09		0.190626
1.88496		1.1		0.117951
1.88496		1.11		0.0766421
1.88496		1.12		0.0629643
1.88496		1.13		0.0590906
1.88496		1.14		0.0590065
1.88496		1.15		0.0607483
1.88496		1.16		0.0636416
1.88496		1.17		0.067449
1.88496		1.18		0.0721177
1.88496		1.19		0.0776954
1.88496		1.2		0.0843028
1.88496		1.21		0.0921308
1.88496		1.22		0.101453
1.88496		1.23		0.112652
1.88496		1.24		0.126265
1.88496		1.25		0.143056
1.88496		1.26		0.164145
1.88496		1.27		0.191212
1.88496		1.28		0.226886
1.88496		1.29		0.275455
1.88496		1.3		0.344318
1.88496		1.31		0.44712
1.88496		1.32		0.611285
1.88496		1.33		0.898385
1.88496		1.34		1.4687
1.88496		1.35		2.8286
1.88496		1.36		6.86097
1.88496		1.37		14.3302
1.88496		1.38		7.65238
1.88496		1.39		3.12769
1.88496		1.4		1.645
1.88496		1.41		1.0602
1.88496		1.42		0.796371
1.88496		1.43		0.681052
1.88496		1.44		0.666423
1.88496		1.45		0.786039
1.88496		1.46		0.903785
1.88496		1.47		0.816911
1.88496		1.48		0.892773
1.88496		1.49		1.10667
1.88496		1.5		1.50179
1.88496		1.51		2.24119
1.88496		1.52		3.78351
1.88496		1.53		7.63948
1.88496		1.54		19.3613
1.88496		1.55		34.2682
1.88496		1.56		15.5827
1.88496		1.57		6.41108
1.88496		1.58		3.30086
1.88496		1.59		1.98989
1.88496		1.6		1.33116
1.88496		1.61		0.957624
1.88496		1.62		0.727187
1.88496		1.63		0.576366
1.88496		1.64		0.47369
1.88496		1.65		0.402437
1.88496		1.66		0.353522
1.88496		1.67		0.322528
1.88496		1.68		0.308959
1.88496		1.69		0.317882
1.88496		1.7		0.367447
1.88496		1.71		0.519378
1.88496		1.72		1.00681
1.88496		1.73		1.91306
1.88496		1.74		1.07505
1.88496		1.75		0.515698
1.88496		1.76		0.330779
1.88496		1.77		0.257977
1.88496		1.78		0.226881
1.88496		1.79		0.216495
1.88496		1.8		0.220322
1.88496		1.81		0.238355
1.88496		1.82		0.277764
1.88496		1.83		0.365134
1.88496		1.84		0.50718
1.88496		1.85		0.532239
1.88496		1.86		0.669039
1.88496		1.87		1.00834
1.88496		1.88		1.79932
1.88496		1.89		4.01061
1.88496		1.9		10.1873
1.88496		1.91		8.92551
1.88496		1.92		3.43784
1.88496		1.93		1.59346
1.88496		1.94		0.901026
1.88496		1.95		0.580835
1.88496		1.96		0.409187
1.88496		1.97		0.307307
1.88496		1.98		0.242462
1.88496		1.99		0.199568
1.88496		2		0.172173
1.88496		2.01		0.153823
1.88496		2.02		0.132997
1.88496		2.03		0.119805
1.88496		2.04		0.112337
1.88496		2.05		0.109655
1.88496		2.06		0.112724
1.88496		2.07		0.125127
1.88496		2.08		0.157311
1.88496		2.09		0.243982
1.88496		2.1		0.513655
1.88496		2.11		0.884964
1.88496		2.12		0.444137
1.88496		2.13		0.218561
1.88496		2.14		0.14365
1.88496		2.15		0.114173
1.88496		2.16		0.102049
1.88496		2.17		0.0986696
1.88496		2.18		0.101198
1.88496		2.19		0.109105
1.88496		2.2		0.123317
1.88496		2.21		0.146372
1.88496		2.22		0.183517
1.88496		2.23		0.245697
1.88496		2.24		0.35783
1.88496		2.25		0.585247
1.88496		2.26		1.13539
1.88496		2.27		2.77948
1.88496		2.28		5.71895
1.88496		2.29		2.99018
1.88496		2.3		1.22878
1.88496		2.31		0.618315
1.88496		2.32		0.367871
1.88496		2.33		0.246134
1.88496		2.34		0.178654
1.88496		2.35		0.137806
1.88496		2.36		0.111662
1.88496		2.37		0.0945265
1.88496		2.38		0.08359
1.88496		2.39		0.0776975
1.88496		2.4		0.077111
1.88496		2.41		0.0843356
1.88496		2.42		0.107816
1.88496		2.43		0.177674
1.88496		2.44		0.396474
1.88496		2.45		0.5011
1.88496		2.46		0.228524
1.88496		2.47		0.141124
1.88496		2.48		0.148647
1.88496		2.49		0.106488
1.88496		2.5		0.0682992
1.88496		2.51		0.061415
1.88496		2.52		0.0767963
1.88496		2.53		0.0838538
1.88496		2.54		0.0502743
1.88496		2.55		0.0367599
1.88496		2.56		0.0323106
1.88496		2.57		0.0318716
1.88496		2.58		0.035215
1.88496		2.59		0.0456673
1.88496		2.6		0.0765135
1.88496		2.61		0.171424
1.88496		2.62		0.197162
1.88496		2.63		0.0861417
1.88496		2.64		0.0458652
1.88496		2.65		0.0316683
1.88496		2.66		0.0266147
1.88496		2.67		0.0260485
1.88496		2.68		0.0260591
1.88496		2.69		0.0363875
1.88496		2.7		0.0428915
1.88496		2.71		0.0246747
1.88496		2.72		0.0172021
1.88496		2.73		0.0143392
1.88496		2.74		0.0130776
1.88496		2.75		0.012812
1.88496		2.76		0.0141836
1.88496		2.77		0.0189219
1.88496		2.78		0.016022
1.88496		2.79		0.0117453
1.88496		2.8		0.0101969
1.88496		2.81		0.00953661
1.88496		2.82		0.00927461
1.88496		2.83		0.00939403
1.88496		2.84		0.0103446
1.88496		2.85		0.0132445
1.88496		2.86		0.0126529
1.88496		2.87		0.01107
1.88496		2.88		0.0109533
1.88496		2.89		0.0103444
1.88496		2.9		0.0111116
1.88496		2.91		0.0140364
1.88496		2.92		0.0226068
1.88496		2.93		0.0486628
1.88496		2.94		0.0544402
1.88496		2.95		0.0248203
1.88496		2.96		0.0141651
1.88496		2.97		0.010309
1.88496		2.98		0.00862476
1.88496		2.99		0.0078672
1.88496		3		0.00771925
1.88496		3.01		0.00837047
1.88496		3.02		0.0110716
1.88496		3.03		0.0190349
1.88496		3.04		0.0165053
1.88496		3.05		0.00952465
1.88496		3.06		0.00726351
1.88496		3.07		0.00676196
1.88496		3.08		0.00704949
1.88496		3.09		0.00736166
1.88496		3.1		0.00699654
1.88496		3.11		0.00550556
1.88496		3.12		0.00491271
1.88496		3.13		0.0046637
1.88496		3.14		0.00458935
2.51327		0		0.0102392
2.51327		0.01		0.0104705
2.51327		0.02		0.0107123
2.51327		0.03		0.0109656
2.51327		0.04		0.0112314
2.51327		0.05		0.011511
2.51327		0.06		0.0118057
2.51327		0.07		0.0121171
2.51327		0.08		0.0124474
2.51327		0.09		0.0127987
2.51327		0.1		0.0131739
2.51327		0.11		0.0135763
2.51327		0.12		0.0140101
2.51327		0.13		0.0144804
2.51327		0.14		0.0149936
2.51327		0.15		0.0155578
2.51327		0.16		0.0161838
2.51327		0.17		0.0168852
2.51327		0.18		0.0176806
2.51327		0.19		0.0185951
2.51327		0.2		0.0196641
2.51327		0.21		0.0209377
2.51327		0.22		0.0224899
2.51327		0.23		0.0244338
2.51327		0.24		0.0269482
2.51327		0.25		0.0303308
2.51327		0.26		0.0351066
2.51327		0.27		0.0422699
2.51327		0.28		0.0538876
2.51327		0.29		0.0748062
2.51327		0.3		0.118386
2.51327		0.31		0.229782
2.51327		0.32		0.567592
2.51327		0.33		0.809997
2.51327		0.34		0.346394
2.51327		0.35		0.159873
2.51327		0.36		0.0952189
2.51327		0.37		0.0675599
2.51327		0.38		0.0537748
2.51327		0.39		0.0462239
2.51327		0.4		0.0418757
2.51327		0.41		0.0393503
2.51327		0.42		0.037953
2.51327		0.43		0.0373063
2.51327		0.44		0.037194
2.51327		0.45		0.0374876
2.51327		0.46		0.03811
2.51327		0.47		0.0390158
2.51327		0.48		0.0401811
2.51327		0.49		0.041597
2.51327		0.5		0.0432669
2.51327		0.51		0.0452047
2.51327		0.52		0.0474349
2.51327		0.53		0.0499934
2.51327		0.54		0.0529294
2.51327		0.55		0.0563086
2.51327		0.56		0.0602185
2.51327		0.57		0.0647754
2.51327		0.58		0.0701358
2.51327		0.59		0.0765136
2.51327		0.6		0.0842056
2.51327		0.61		0.0936345
2.51327		0.62		0.105417
2.51327		0.63		0.120482
2.51327		0.64		0.140281
2.51327		0.65		0.167189
2.51327		0.66		0.205296
2.51327		0.67		0.262141
2.51327		0.68		0.352832
2.51327		0.69		0.511143
2.51327		0.7		0.824389
2.51327		0.71		1.56593
2.51327		0.72		3.7518
2.51327		0.73		8.13374
2.51327		0.74		4.56662
2.51327		0.75		1.83887
2.51327		0.76		0.942328
2.51327		0.77		0.58399
2.51327		0.78		0.412326
2.51327		0.79		0.319731
2.51327		0.8		0.26604
2.51327		0.81		0.2338
2.51327		0.82		0.214533
2.51327		0.83		0.203776
2.51327		0.84		0.199051
2.51327		0.85		0.198944
2.51327		0.86		0.202664
2.51327		0.87		0.20981
2.51327		0.88		0.220258
2.51327		0.89		0.2341
2.51327		0.9		0.251629
2.51327		0.91		0.273342
2.51327		0.92		0.299977
2.51327		0.93		0.332576
2.51327		0.94		0.372589
2.51327		0.95		0.422035
2.51327		0.96		0.483763
2.51327		0.97		0.561863
2.51327		0.98		0.662355
2.51327		0.99		0.794367
2.51327		1		0.972255
2.51327		1.01		1.21961
2.51327		1.02		1.57737
2.51327		1.03		2.12148
2.51327		1.04		3.00554
2.51327		1.05		4.57695
2.51327		1.06		7.74841
2.51327		1.07		15.4367
2.51327		1.08		38.4457
2.51327		1.09		76.0449
2.51327		1.1		39.7836
2.51327		1.11		18.8536
2.51327		1.12		9.11463
2.51327		1.13		5.10235
2.51327		1.14		3.25514
2.51327		1.15		2.25942
2.51327		1.16		1.66192
2.51327		1.17		1.27544
2.51327		1.18		1.01127
2.51327		1.19		0.822878
2.51327		1.2		0.683971
2.51327		1.21		0.578768
2.51327		1.22		0.497344
2.51327		1.23		0.433209
2.51327		1.24		0.381988
2.51327		1.25		0.340656
2.51327		1.26		0.307092
2.51327		1.27		0.279804
2.51327		1.28		0.257763
2.51327		1.29		0.240328
2.51327		1.3		0.227234
2.51327		1.31		0.218703
2.51327		1.32		0.215788
2.51327		1.33		0.221377
2.51327		1.34		0.243413
2.51327		1.35		0.307265
2.51327		1.36		0.507193
2.51327		1.37		0.881971
2.51327		1.38		0.555407
2.51327		1.39		0.343026
2.51327		1.4		0.293481
2.51327		1.41		0.308864
2.51327		1.42		0.381871
2.51327		1.43		0.563506
2.51327		1.44		1.05394
2.51327		1.45		2.56022
2.51327		1.46		3.53786
2.51327		1.47		1.50677
2.51327		1.48		0.70445
2.51327		1.49		0.425628
2.51327		1.5		0.308421
2.51327		1.51		0.255947
2.51327		1.52		0.241246
2.51327		1.53		0.270563
2.51327		1.54		0.408782
2.51327		1.55		0.593391
2.51327		1.56		0.354303
2.51327		1.57		0.240152
2.51327		1.58		0.206769
2.51327		1.59		0.200044
2.51327		1.6		0.205929
2.51327		1.61		0.220755
2.51327		1.62		0.244321
2.51327		1.63		0.278361
2.51327		1.64		0.326538
2.51327		1.65		0.395367
2.51327		1.66		0.496433
2.51327		1.67		0.651376
2.51327		1.68		0.903948
2.51327		1.69		1.35273
2.51327		1.7		2.25492
2.51327		1.71		4.42477
2.51327		1.72		10.8906
2.51327		1.73		22.7379
2.51327		1.74		11.9705
2.51327		1.75		4.77676
2.51327		1.76		2.39655
2.51327		1.77		1.43203
2.51327		1.78		0.966759
2.51327		1.79		0.720035
2.51327		1.8		0.592728
2.51327		1.81		0.559087
2.51327		1.82		0.664204
2.51327		1.83		1.14892
2.51327		1.84		1.98762
2.51327		1.85		1.06358
2.51327		1.86		0.515323
2.51327		1.87		0.323588
2.51327		1.88		0.241595
2.51327		1.89		0.20842
2.51327		1.9		0.219573
2.51327		1.91		0.19068
2.51327		1.92		0.139334
2.51327		1.93		0.116035
2.51327		1.94		0.103118
2.51327		1.95		0.0948131
2.51327		1.96		0.0894039
2.51327		1.97		0.0865406
2.51327		1.98		0.0870222
2.51327		1.99		0.0945392
2.51327		2		0.123056
2.51327		2.01		0.154985
2.51327		2.02		0.111536
2.51327		2.03		0.0947201
2.51327		2.04		0.0942015
2.51327		2.05		0.102236
2.51327		2.06		0.119769
2.51327		2.07		0.153992
2.51327		2.08		0.225973
2.51327		2.09		0.405139
2.51327		2.1		0.947875
2.51327		2.11		1.69212
2.51327		2.12		0.816362
2.51327		2.13		0.368738
2.51327		2.14		0.220483
2.51327		2.15		0.161748
2.51327		2.16		0.136405
2.51327		2.17		0.127031
2.51327		2.18		0.127542
2.51327		2.19		0.13618
2.51327		2.2		0.153605
2.51327		2.21		0.1828
2.51327		2.22		0.230373
2.51327		2.23		0.310379
2.51327		2.24		0.455138
2.51327		2.25		0.750092
2.51327		2.26		1.45973
2.51327		2.27		3.5567
2.51327		2.28		7.31238
2.51327		2.29		3.80079
2.51327		2.3		1.52791
2.51327		2.31		0.77128
2.51327		2.32		0.462155
2.51327		2.33		0.310632
2.51327		2.34		0.226532
2.51327		2.35		0.175908
2.51327		2.36		0.144012
2.51327		2.37		0.123856
2.51327		2.38		0.112164
2.51327		2.39		0.107959
2.51327		2.4		0.112577
2.51327		2.41		0.131576
2.51327		2.42		0.182352
2.51327		2.43		0.32616
2.51327		2.44		0.771251
2.51327		2.45		0.980818
2.51327		2.46		0.415031
2.51327		2.47		0.20097
2.51327		2.48		0.126193
2.51327		2.49		0.0944063
2.51327		2.5		0.0839382
2.51327		2.51		0.0975018
2.51327		2.52		0.114561
2.51327		2.53		0.0971052
2.51327		2.54		0.0668004
2.51327		2.55		0.0567325
2.51327		2.56		0.0565635
2.51327		2.57		0.0635068
2.51327		2.58		0.0810713
2.51327		2.59		0.122777
2.51327		2.6		0.237264
2.51327		2.61		0.582648
2.51327		2.62		0.677586
2.51327		2.63		0.277904
2.51327		2.64		0.133508
2.51327		2.65		0.0830473
2.51327		2.66		0.0657703
2.51327		2.67		0.0625492
2.51327		2.68		0.0451592
2.51327		2.69		0.0361961
2.51327		2.7		0.0320033
2.51327		2.71		0.0274855
2.51327		2.72		0.0250658
2.51327		2.73		0.0237834
2.51327		2.74		0.0232015
2.51327		2.75		0.0232507
2.51327		2.76		0.0241912
2.51327		2.77		0.0266407
2.51327		2.78		0.0273056
2.51327		2.79		0.0283563
2.51327		2.8		0.0314504
2.51327		2.81		0.0366917
2.51327		2.82		0.0452073
2.51327		2.83		0.0596253
2.51327		2.84		0.0861641
2.51327		2.85		0.141577
2.51327		2.86		0.277723
2.51327		2.87		0.680152
2.51327		2.88		1.20435
2.51327		2.89		0.556284
2.51327		2.9		0.232951
2.51327		2.91		0.123972
2.51327		2.92		0.0796875
2.51327		2.93		0.0622731
2.51327		2.94		0.0503049
2.51327		2.95		0.0353804
2.51327		2.96		0.0274849
2.51327		2.97		0.0227656
2.51327		2.98		0.0195741
2.51327		2.99		0.0172731
2.51327		3		0.0155593
2.51327		3.01		0.0142811
2.51327		3.02		0.0134127
2.51327		3.03		0.0130805
2.51327		3.04		0.012396
2.51327		3.05		0.0117338
2.51327		3.06		0.0117599
2.51327		3.07		0.0128251
2.51327		3.08		0.016384
2.51327		3.09		0.0268148
2.51327		3.1		0.0275218
2.51327		3.11		0.0158029
2.51327		3.12		0.0120048
2.51327		3.13		0.0118596
2.51327		3.14		0.0150008
3.14159		0		0.172177
3.14159		0.01		0.182959
3.14159		0.02		0.194802
3.14159		0.03		0.207852
3.14159		0.04		0.222279
3.14159		0.05		0.238284
3.14159		0.06		0.256108
3.14159		0.07		0.276036
3.14159		0.08		0.298415
3.14159		0.09		0.323665
3.14159		0.1		0.3523
3.14159		0.11		0.384954
3.14159		0.12		0.422419
3.14159		0.13		0.465687
3.14159		0.14		0.516025
3.14159		0.15		0.575063
3.14159		0.16		0.644928
3.14159		0.17		0.728438
3.14159		0.18		0.829393
3.14159		0.19		0.95301
3.14159		0.2		1.10661
3.14159		0.21		1.3007
3.14159		0.22		1.55087
3.14159		0.23		1.8809
3.14159		0.24		2.32862
3.14159		0.25		2.95709
3.14159		0.26		3.87762
3.14159		0.27		5.30133
3.14159		0.28		7.66721
3.14159		0.29		12.0052
3.14159		0.3		21.1546
3.14159		0.31		44.7135
3.14159		0.32		116.393
3.14159		0.33		167.786
3.14159		0.34		69.1031
3.14159		0.35		29.3089
3.14159		0.36		15.4106
3.14159		0.37		9.36665
3.14159		0.38		6.26175
3.14159		0.39		4.47108
3.14159		0.4		3.34914
3.14159		0.41		2.60145
3.14159		0.42		2.07891
3.14159		0.43		1.69969
3.14159		0.44		1.41595
3.14159		0.45		1.19823
3.14159		0.46		1.02759
3.14159		0.47		0.89143
3.14159		0.48		0.781082
3.14159		0.49		0.690448
3.14159		0.5		0.615126
3.14159		0.51		0.55188
3.14159		0.52		0.498287
3.14159		0.53		0.452503
3.14159		0.54		0.413106
3.14159		0.55		0.378987
3.14159		0.56		0.349266
3.14159		0.57		0.323245
3.14159		0.58		0.300358
3.14159		0.59		0.280146
3.14159		0.6		0.262235
3.14159		0.61		0.246314
3.14159		0.62		0.232126
3.14159		0.63		0.219459
3.14159		0.64		0.208131
3.14159		0.65		0.197992
3.14159		0.66		0.188915
3.14159		0.67		0.180792
3.14159		0.68		0.173532
3.14159		0.69		0.167059
3.14159		0.7		0.161309
3.14159		0.71		0.156226
3.14159		0.72		0.151768
3.14159		0.73		0.147897
3.14159		0.74		0.144585
3.14159		0.75		0.141811
3.14159		0.76		0.139561
3.14159		0.77		0.137827
3.14159		0.78		0.136608
3.14159		0.79		0.13591
3.14159		0.8		0.135747
3.14159		0.81		0.13614
3.14159		0.82		0.13712
3.14159		0.83		0.13873
3.14159		0.84		0.141022
3.14159		0.85		0.144066
3.14159		0.86		0.147949
3.14159		0.87		0.152779
3.14159		0.88		0.158694
3.14159		0.89		0.165867
3.14159		0.9		0.174514
3.14159		0.91		0.184915
3.14159		0.92		0.197426
3.14159		0.93		0.21251
3.14159		0.94		0.230775
3.14159		0.95		0.253032
3.14159		0.96		0.28038
3.14159		0.97		0.314338
3.14159		0.98		0.357046
3.14159		0.99		0.411606
3.14159		1		0.482642
3.14159		1.01		0.577294
3.14159		1.02		0.707061
3.14159		1.03		0.891438
3.14159		1.04		1.16567
3.14159		1.05		1.59903
3.14159		1.06		2.34376
3.14159		1.07		3.79069
3.14159		1.08		7.13718
3.14159		1.09		14.78
3.14159		1.1		31.4021
3.14159		1.11		44.4958
3.14159		1.12		18.5375
3.14159		1.13		7.90647
3.14159		1.14		4.18486
3.14159		1.15		2.5624
3.14159		1.16		1.72655
3.14159		1.17		1.24311
3.14159		1.18		0.939371
3.14159		1.19		0.73641
3.14159		1.2		0.594198
3.14159		1.21		0.490733
3.14159		1.22		0.41313
3.14159		1.23		0.353438
3.14159		1.24		0.306545
3.14159		1.25		0.269039
3.14159		1.26		0.238575
3.14159		1.27		0.2135
3.14159		1.28		0.19262
3.14159		1.29		0.175055
3.14159		1.3		0.160147
3.14159		1.31		0.147397
3.14159		1.32		0.136416
3.14159		1.33		0.126904
3.14159		1.34		0.118622
3.14159		1.35		0.111382
3.14159		1.36		0.10503
3.14159		1.37		0.099445
3.14159		1.38		0.0945267
3.14159		1.39		0.0901945
3.14159		1.4		0.0863831
3.14159		1.41		0.0830406
3.14159		1.42		0.0801265
3.14159		1.43		0.0776113
3.14159		1.44		0.0754768
3.14159		1.45		0.0737176
3.14159		1.46		0.0723452
3.14159		1.47		0.0713969
3.14159		1.48		0.0709537
3.14159		1.49		0.0711817
3.14159		1.5		0.0724324
3.14159		1.51		0.0755218
3.14159		1.52		0.0826408
3.14159		1.53		0.100952
3.14159		1.54		0.156735
3.14159		1.55		0.227875
3.14159		1.56		0.14045
3.14159		1.57		0.0983857
3.14159		1.58		0.0854034
3.14159		1.59		0.0814117
3.14159		1.6		0.0810756
3.14159		1.61		0.0827808
3.14159		1.62		0.0860236
3.14159		1.63		0.0907429
3.14159		1.64		0.0971418
3.14159		1.65		0.105683
3.14159		1.66		0.117206
3.14159		1.67		0.133234
3.14159		1.68		0.15673
3.14159		1.69		0.194136
3.14159		1.7		0.261807
3.14159		1.71		0.410612
3.14159		1.72		0.828096
3.14159		1.73		1.58265
3.14159		1.74		0.952267
3.14159		1.75		0.553539
3.14159		1.76		0.468797
3.14159		1.77		0.499148
3.14159		1.78		0.607452
3.14159		1.79		0.81554
3.14159		1.8		1.20602
3.14159		1.81		2.01097
3.14159		1.82		3.98189
3.14159		1.83		9.91314
3.14159		1.84		19.5994
3.14159		1.85		9.72115
3.14159		1.86		3.91194
3.14159		1.87		1.97222
3.14159		1.88		1.1713
3.14159		1.89		0.774288
3.14159		1.9		0.550855
3.14159		1.91		0.413267
3.14159		1.92		0.322731
3.14159		1.93		0.260067
3.14159		1.94		0.214949
3.14159		1.95		0.18144
3.14159		1.96		0.155956
3.14159		1.97		0.136284
3.14159		1.98		0.121158
3.14159		1.99		0.110394
3.14159		2		0.106365
3.14159		2.01		0.104631
3.14159		2.02		0.0872916
3.14159		2.03		0.0765707
3.14159		2.04		0.0697664
3.14159		2.05		0.0646226
3.14159		2.06		0.0604474
3.14159		2.07		0.0569591
3.14159		2.08		0.0540087
3.14159		2.09		0.0515033
3.14159		2.1		0.0493796
3.14159		2.11		0.0475927
3.14159		2.12		0.0461111
3.14159		2.13		0.044914
3.14159		2.14		0.0439902
3.14159		2.15		0.0433384
3.14159		2.16		0.0429685
3.14159		2.17		0.0429044
3.14159		2.18		0.04319
3.14159		2.19		0.0439
3.14159		2.2		0.0451603
3.14159		2.21		0.0471896
3.14159		2.22		0.0503898
3.14159		2.23		0.0555615
3.14159		2.24		0.0644902
3.14159		2.25		0.0818043
3.14159		2.26		0.122121
3.14159		2.27		0.239665
3.14159		2.28		0.44855
3.14159		2.29		0.259225
3.14159		2.3		0.138644
3.14159		2.31		0.102467
3.14159		2.32		0.092186
3.14159		2.33		0.0924099
3.14159		2.34		0.0989349
3.14159		2.35		0.111011
3.14159		2.36		0.129597
3.14159		2.37		0.157263
3.14159		2.38		0.19907
3.14159		2.39		0.264959
3.14159		2.4		0.375951
3.14159		2.41		0.581993
3.14159		2.42		1.0228
3.14159		2.43		2.17783
3.14159		2.44		5.66919
3.14159		2.45		7.32149
3.14159		2.46		2.93494
3.14159		2.47		1.27668
3.14159		2.48		0.689679
3.14159		2.49		0.433076
3.14159		2.5		0.30594
3.14159		2.51		0.249618
3.14159		2.52		0.23528
3.14159		2.53		0.205965
3.14159		2.54		0.137088
3.14159		2.55		0.102408
3.14159		2.56		0.0833051
3.14159		2.57		0.0706889
3.14159		2.58		0.0615541
3.14159		2.59		0.0546114
3.14159		2.6		0.0491877
3.14159		2.61		0.0448905
3.14159		2.62		0.0414862
3.14159		2.63		0.0388644
3.14159		2.64		0.0370831
3.14159		2.65		0.0366491
3.14159		2.66		0.0397054
3.14159		2.67		0.0451341
3.14159		2.68		0.0364827
3.14159		2.69		0.0316859
3.14159		2.7		0.0298373
3.14159		2.71		0.0290463
3.14159		2.72		0.0288197
3.14159		2.73		0.0290277
3.14159		2.74		0.0296595
3.14159		2.75		0.0307661
3.14159		2.76		0.0324528
3.14159		2.77		0.0348925
3.14159		2.78		0.0383603
3.14159		2.79		0.043299
3.14159		2.8		0.0504474
3.14159		2.81		0.0611022
3.14159		2.82		0.077696
3.14159		2.83		0.105207
3.14159		2.84		0.155059
3.14159		2.85		0.257822
3.14159		2.86		0.513297
3.14159		2.87		1.28861
3.14159		2.88		2.30538
3.14159		2.89		1.06104
3.14159		2.9		0.43948
3.14159		2.91		0.229083
3.14159		2.92		0.140641
3.14159		2.93		0.096512
3.14159		2.94		0.0713216
3.14159		2.95		0.0552599
3.14159		2.96		0.0448194
3.14159		2.97		0.0377199
3.14159		2.98		0.0327999
3.14159		2.99		0.0295091
3.14159		3		0.0277754
3.14159		3.01		0.0283478
3.14159		3.02		0.0347011
3.14159		3.03		0.0556121
3.14159		3.04		0.0480896
3.14159		3.05		0.028638
3.14159		3.06		0.0223217
3.14159		3.07		0.0211139
3.14159		3.08		0.0246519
3.14159		3.09		0.0391488
3.14159		3.1		0.0398251
3.14159		3.11		0.0227739
3.14159		3.12		0.0168259
3.14159		3.13		0.0154546
3.14159		3.14		0.0172385
3.76991		0		0.0102392
3.76991		0.01		0.0104705
3.76991		0.02		0.0107123
3.76991		0.03		0.0109656
3.76991		0.04		0.0112314
3.76991		0.05		0.011511
3.76991		0.06		0.0118057
3.76991		0.07		0.0121171
3.76991		0.08		0.0124474
3.76991		0.09		0.0127987
3.76991		0.1		0.0131739
3.76991		0.11		0.0135763
3.76991		0.12		0.0140101
3.76991		0.13		0.0144804
3.76991		0.14		0.0149936
3.76991		0.15		0.0155578
3.76991		0.16		0.0161838
3.76991		0.17		0.0168852
3.76991		0.18		0.0176806
3.76991		0.19		0.0185951
3.76991		0.2		0.0196641
3.76991		0.21		0.0209377
3.76991		0.22		0.0224899
3.76991		0.23		0.0244338
3.76991		0.24		0.0269482
3.76991		0.25		0.0303308
3.76991		0.26		0.0351066
3.76991		0.27		0.0422699
3.76991		0.28		0.0538876
3.76991		0.29		0.0748062
3.76991		0.3		0.118386
3.76991		0.31		0.229782
3.76991		0.32		0.567592
3.76991		0.33		0.809997
3.76991		0.34		0.346394
3.76991		0.35		0.159873
3.76991		0.36		0.0952189
3.76991		0.37		0.0675599
3.76991		0.38		0.0537748
3.76991		0.39		0.0462239
3.76991		0.4		0.0418757
3.76991		0.41		0.0393503
3.76991		0.42		0.037953
3.76991		0.43		0.0373063
3.76991		0.44		0.037194
3.76991		0.45		0.0374876
3.76991		0.46		0.03811
3.76991		0.47		0.0390158
3.76991		0.48		0.0401811
3.76991		0.49		0.041597
3.76991		0.5		0.0432669
3.76991		0.51		0.0452047
3.76991		0.52		0.0474349
3.76991		0.53		0.0499934
3.76991		0.54		0.0529294
3.76991		0.55		0.0563086
3.76991		0.56		0.0602185
3.76991		0.57		0.0647754
3.76991		0.58		0.0701358
3.76991		0.59		0.0765136
3.76991		0.6		0.0842056
3.76991		0.61		0.0936345
3.76991		0.62		0.105417
3.76991		0.63		0.120482
3.76991		0.64		0.140281
3.76991		0.65		0.167189
3.76991		0.66		0.205296
3.76991		0.67		0.262141
3.76991		0.68		0.352832
3.76991		0.69		0.511143
3.76991		0.7		0.824389
3.76991		0.71		1.56593
3.76991		0.72		3.7518
3.76991		0.73		8.13375
3.76991		0.74		4.56662
3.76991		0.75		1.83887
3.76991		0.76		0.942328
3.76991		0.77		0.58399
3.76991		0.78		0.412326
3.76991		0.79		0.319731
3.76991		0.8		0.26604
3.76991		0.81		0.2338
3.76991		0.82		0.214533
3.76991		0.83		0.203776
3.76991		0.84		0.199051
3.76991		0.85		0.198944
3.76991		0.86		0.202664
3.76991		0.87		0.20981
3.76991		0.88		0.220258
3.76991		0.89		0.2341
3.76991		0.9		0.251629
3.76991		0.91		0.273342
3.76991		0.92		0.299977
3.76991		0.93		0.332576
3.76991		0.94		0.372589
3.76991		0.95		0.422035
3.76991		0.96		0.483763
3.76991		0.97		0.561863
3.76991		0.98		0.662355
3.76991		0.99		0.794367
3.76991		1		0.972255
3.76991		1.01		1.21961
3.76991		1.02		1.57737
3.76991		1.03		2.12148
3.76991		1.04		3.00554
3.76991		1.05		4.57695
3.76991		1.06		7.74841
3.76991		1.07		15.4367
3.76991		1.08		38.4457
3.76991		1.09		76.0449
3.76991		1.1		39.7836
3.76991		1.11		18.8536
3.76991		1.12		9.11463
3.76991		1.13		5.10235
3.76991		1.14		3.25514
3.76991		1.15		2.25942
3.76991		1.16		1.66192
3.76991		1.17		1.27544
3.76991		1.18		1.01127
3.76991		1.19		0.822878
3.76991		1.2		0.683971
3.76991		1.21		0.578768
3.76991		1.22		0.497344
3.76991		1.23		0.433209
3.76991		1.24		0.381988
3.76991		1.25		0.340656
3.76991		1.26		0.307092
3.76991		1.27		0.279804
3.76991		1.28		0.257763
3.76991		1.29		0.240328
3.76991		1.3		0.227234
3.76991		1.31		0.218703
3.76991		1.32		0.215788
3.76991		1.33		0.221377
3.76991		1.34		0.243413
3.76991		1.35		0.307265
3.76991		1.36		0.507193
3.76991		1.37		0.881971
3.76991		1.38		0.555407
3.76991		1.39		0.343026
3.76991		1.4		0.293481
3.76991		1.41		0.308864
3.76991		1.42		0.381871
3.76991		1.43		0.563506
3.76991		1.44		1.05394
3.76991		1.45		2.56022
3.76991		1.46		3.53786
3.76991		1.47		1.50677
3.76991		1.48		0.70445
3.76991		1.49		0.425628
3.76991		1.5		0.308422
3.76991		1.51		0.255947
3.76991		1.52		0.241246
3.76991		1.53		0.270563
3.76991		1.54		0.408782
3.76991		1.55		0.593391
3.76991		1.56		0.354303
3.76991		1.57		0.240152
3.76991		1.58		0.206769
3.76991		1.59		0.200044
3.76991		1.6		0.205929
3.76991		1.61		0.220755
3.76991		1.62		0.244321
3.76991		1.63		0.278361
3.76991		1.64		0.326538
3.76991		1.65		0.395367
3.76991		1.66		0.496433
3.76991		1.67		0.651376
3.76991		1.68		0.903948
3.76991		1.69		1.35273
3.76991		1.7		2.25492
3.76991		1.71		4.42477
3.76991		1.72		10.8906
3.76991		1.73		22.7379
3.76991		1.74		11.9705
3.76991		1.75		4.77676
3.76991		1.76		2.39655
3.76991		1.77		1.43203
3.76991		1.78		0.966759
3.76991		1.79		0.720035
3.76991		1.8		0.592728
3.76991		1.81		0.559087
3.76991		1.82		0.664204
3.76991		1.83		1.14892
3.76991		1.84		1.98762
3.76991		1.85		1.06358
3.76991		1.86		0.515323
3.76991		1.87		0.323588
3.76991		1.88		0.241595
3.76991		1.89		0.20842
3.76991		1.9		0.219573
3.76991		1.91		0.19068
3.76991		1.92		0.139334
3.76991		1.93		0.116035
3.76991		1.94		0.103118
3.76991		1.95		0.0948131
3.76991		1.96		0.0894039
3.76991		1.97		0.0865406
3.76991		1.98		0.0870222
3.76991		1.99		0.0945392
3.76991		2		0.123056
3.76991		2.01		0.154985
3.76991		2.02		0.111536
3.76991		2.03		0.0947201
3.76991		2.04		0.0942015
3.76991		2.05		0.102236
3.76991		2.06		0.119769
3.76991		2.07		0.153992
3.76991		2.08		0.225973
3.76991		2.09		0.405139
3.76991		2.1		0.947875
3.76991		2.11		1.69212
3.76991		2.12		0.816362
3.76991		2.13		0.368738
3.76991		2.14		0.220483
3.76991		2.15		0.161748
3.76991		2.16		0.136405
3.76991		2.17		0.127031
3.76991		2.18		0.127542
3.76991		2.19		0.13618
3.76991		2.2		0.153605
3.76991		2.21		0.1828
3.76991		2.22		0.230373
3.76991		2.23		0.310379
3.76991		2.24		0.455138
3.76991		2.25		0.750092
3.76991		2.26		1.45973
3.76991		2.27		3.5567
3.76991		2.28		7.31238
3.76991		2.29		3.80079
3.76991		2.3		1.52791
3.76991		2.31		0.77128
3.76991		2.32		0.462155
3.76991		2.33		0.310632
3.76991		2.34		0.226532
3.76991		2.35		0.175908
3.76991		2.36		0.144012
3.76991		2.37		0.123856
3.76991		2.38		0.112164
3.76991		2.39		0.107959
3.76991		2.4		0.112577
3.76991		2.41		0.131576
3.76991		2.42		0.182352
3.76991		2.43		0.32616
3.76991		2.44		0.771251
3.76991		2.45		0.980818
3.76991		2.46		0.415031
3.76991		2.47		0.20097
3.76991		2.48		0.126193
3.76991		2.49		0.0944063
3.76991		2.5		0.0839382
3.76991		2.51		0.0975018
3.76991		2.52		0.114561
3.76991		2.53		0.0971052
3.76991		2.54		0.0668004
3.76991		2.55		0.0567325
3.76991		2.56		0.0565635
3.76991		2.57		0.0635068
3.76991		2.58		0.0810714
3.76991		2.59		0.122777
3.76991		2.6		0.237264
3.76991		2.61		0.582648
3.76991		2.62		0.677586
3.76991		2.63		0.277904
3.76991		2.64		0.133508
3.76991		2.65		0.0830473
3.76991		2.66		0.0657703
3.76991		2.67		0.0625492
3.76991		2.68		0.0451592
3.76991		2.69		0.0361961
3.76991		2.7		0.0320033
3.76991		2.71		0.0274855
3.76991		2.72		0.0250658
3.76991		2.73		0.0237834
3.76991		2.74		0.0232015
3.76991		2.75		0.0232507
3.76991		2.76		0.0241912
3.76991		2.77		0.0266407
3.76991		2.78		0.0273056
3.76991		2.79		0.0283563
3.76991		2.8		0.0314504
3.76991		2.81		0.0366917
3.76991		2.82		0.0452073
3.76991		2.83		0.0596253
3.76991		2.84		0.0861641
3.76991		2.85		0.141577
3.76991		2.86		0.277723
3.76991		2.87		0.680152
3.76991		2.88		1.20435
3.76991		2.89		0.556284
3.76991		2.9		0.232951
3.76991		2.91		0.123972
3.76991		2.92		0.0796875
3.76991		2.93		0.0622731
3.76991		2.94		0.0503049
3.76991		2.95		0.0353804
3.76991		2.96		0.0274849
3.76991		2.97		0.0227656
3.76991		2.98		0.0195741
3.76991		2.99		0.0172731
3.76991		3		0.0155593
3.76991		3.01		0.0142811
3.76991		3.02		0.0134127
3.76991		3.03		0.0130805
3.76991		3.04		0.012396
3.76991		3.05		0.0117338
3.76991		3.06		0.0117599
3.76991		3.07		0.0128251
3.76991		3.08		0.016384
3.76991		3.09		0.0268148
3.76991		3.1		0.0275218
3.76991		3.11		0.0158029
3.76991		3.12		0.0120048
3.76991		3.13		0.0118596
3.76991		3.14		0.0150008
4.39823		0		0.0034812
4.39823		0.01		0.00353886
4.39823		0.02		0.00359833
4.39823		0.03		0.00365972
4.39823		0.04		0.00372315
4.39823		0.05		0.00378874
4.39823		0.06		0.00385665
4.39823		0.07		0.00392703
4.39823		0.08		0.00400009
4.39823		0.09		0.00407602
4.39823		0.1		0.00415508
4.39823		0.11		0.00423757
4.39823		0.12		0.00432381
4.39823		0.13		0.00441422
4.39823		0.14		0.0045093
4.39823		0.15		0.00460966
4.39823		0.16		0.00471605
4.39823		0.17		0.00482946
4.39823		0.18		0.00495115
4.39823		0.19		0.00508282
4.39823		0.2		0.00522676
4.39823		0.21		0.00538622
4.39823		0.22		0.00556592
4.39823		0.23		0.00577293
4.39823		0.24		0.0060184
4.39823		0.25		0.00632069
4.39823		0.26		0.00671205
4.39823		0.27		0.0072533
4.39823		0.28		0.00807059
4.39823		0.29		0.00945923
4.39823		0.3		0.0122327
4.39823		0.31		0.0191395
4.39823		0.32		0.0398315
4.39823		0.33		0.0547251
4.39823		0.34		0.0266624
4.39823		0.35		0.0154706
4.39823		0.36		0.0117048
4.39823		0.37		0.0102011
4.39823		0.38		0.0095536
4.39823		0.39		0.00929873
4.39823		0.4		0.00925348
4.39823		0.41		0.00933562
4.39823		0.42		0.00950489
4.39823		0.43		0.00974068
4.39823		0.44		0.0100326
4.39823		0.45		0.010376
4.39823		0.46		0.0107702
4.39823		0.47		0.0112169
4.39823		0.48		0.0117203
4.39823		0.49		0.0122865
4.39823		0.5		0.0129238
4.39823		0.51		0.0136433
4.39823		0.52		0.0144587
4.39823		0.53		0.0153881
4.39823		0.54		0.0164542
4.39823		0.55		0.0176863
4.39823		0.56		0.0191228
4.39823		0.57		0.0208144
4.39823		0.58		0.0228287
4.39823		0.59		0.0252581
4.39823		0.6		0.0282314
4.39823		0.61		0.0319317
4.39823		0.62		0.036627
4.39823		0.63		0.0427219
4.39823		0.64		0.0508501
4.39823		0.65		0.0620483
4.39823		0.66		0.0781062
4.39823		0.67		0.102324
4.39823		0.68		0.141322
4.39823		0.69		0.209901
4.39823		0.7		0.346339
4.39823		0.71		0.670485
4.39823		0.72		1.62782
4.39823		0.73		3.54794
4.39823		0.74		1.98261
4.39823		0.75		0.785172
4.39823		0.76		0.390504
4.39823		0.77		0.231655
4.39823		0.78		0.154471
4.39823		0.79		0.111744
4.39823		0.8		0.0858352
4.39823		0.81		0.0690547
4.39823		0.82		0.0576431
4.39823		0.83		0.0495928
4.39823		0.84		0.0437555
4.39823		0.85		0.0394371
4.39823		0.86		0.0361987
4.39823		0.87		0.0337525
4.39823		0.88		0.0319037
4.39823		0.89		0.0305174
4.39823		0.9		0.0294982
4.39823		0.91		0.0287775
4.39823		0.92		0.0283059
4.39823		0.93		0.0280477
4.39823		0.94		0.0279777
4.39823		0.95		0.028079
4.39823		0.96		0.0283417
4.39823		0.97		0.0287626
4.39823		0.98		0.0293459
4.39823		0.99		0.0301045
4.39823		1		0.031064
4.39823		1.01		0.0322705
4.39823		1.02		0.033806
4.39823		1.03		0.0358235
4.39823		1.04		0.0386312
4.39823		1.05		0.0429231
4.39823		1.06		0.0505161
4.39823		1.07		0.067211
4.39823		1.08		0.114498
4.39823		1.09		0.190626
4.39823		1.1		0.117951
4.39823		1.11		0.0766421
4.39823		1.12		0.0629643
4.39823		1.13		0.0590906
4.39823		1.14		0.0590065
4.39823		1.15		0.0607483
4.39823		1.16		0.0636416
4.39823		1.17		0.067449
4.39823		1.18		0.0721177
4.39823		1.19		0.0776954
4.39823		1.2		0.0843028
4.39823		1.21		0.0921308
4.39823		1.22		0.101453
4.39823		1.23		0.112652
4.39823		1.24		0.126265
4.39823		1.25		0.143056
4.39823		1.26		0.164145
4.39823		1.27		0.191212
4.39823		1.28		0.226886
4.39823		1.29		0.275455
4.39823		1.3		0.344318
4.39823		1.31		0.44712
4.39823		1.32		0.611285
4.39823		1.33		0.898385
4.39823		1.34		1.4687
4.39823		1.35		2.8286
4.39823		1.36		6.86097
4.39823		1.37		14.3302
4.39823		1.38		7.65238
4.39823		1.39		3.12769
4.39823		1.4		1.645
4.39823		1.41		1.0602
4.39823		1.42		0.796371
4.39823		1.43		0.681052
4.39823		1.44		0.666423
4.39823		1.45		0.786039
4.39823		1.46		0.903785
4.39823		1.47		0.816911
4.39823		1.48		0.892773
4.39823		1.49		1.10667
4.39823		1.5		1.50179
4.39823		1.51		2.24119
4.39823		1.52		3.78351
4.39823		1.53		7.63948
4.39823		1.54		19.3613
4.39823		1.55		34.2682
4.39823		1.56		15.5827
4.39823		1.57		6.41108
4.39823		1.58		3.30086
4.39823		1.59		1.98989
4.39823		1.6		1.33116
4.39823		1.61		0.957624
4.39823		1.62		0.727187
4.39823		1.63		0.576366
4.39823		1.64		0.47369
4.39823		1.65		0.402437
4.39823		1.66		0.353522
4.39823		1.67		0.322528
4.39823		1.68		0.308959
4.39823		1.69		0.317882
4.39823		1.7		0.367447
4.39823		1.71		0.519378
4.39823		1.72		1.00681
4.39823		1.73		1.91306
4.39823		1.74		1.07505
4.39823		1.75		0.515698
4.39823		1.76		0.330779
4.39823		1.77		0.257977
4.39823		1.78		0.226881
4.39823		1.79		0.216495
4.39823		1.8		0.220322
4.39823		1.81		0.238355
4.39823		1.82		0.277764
4.39823		1.83		0.365134
4.39823		1.84		0.50718
4.39823		1.85		0.532239
4.39823		1.86		0.669039
4.39823		1.87		1.00834
4.39823		1.88		1.79932
4.39823		1.89		4.01061
4.39823		1.9		10.1873
4.39823		1.91		8.92551
4.39823		1.92		3.43784
4.39823		1.93		1.59346
4.39823		1.94		0.901026
4.39823		1.95		0.580835
4.39823		1.96		0.409187
4.39823		1.97		0.307307
4.39823		1.98		0.242462
4.39823		1.99		0.199568
4.39823		2		0.172173
4.39823		2.01		0.153823
4.39823		2.02		0.132997
4.39823		2.03		0.119805
4.39823		2.04		0.112337
4.39823		2.05		0.109655
4.39823		2.06		0.112724
4.39823		2.07		0.125127
4.39823		2.08		0.157311
4.39823		2.09		0.243982
4.39823		2.1		0.513655
4.39823		2.11		0.884964
4.39823		2.12		0.444137
4.39823		2.13		0.218561
4.39823		2.14		0.14365
4.39823		2.15		0.114173
4.39823		2.16		0.102049
4.39823		2.17		0.0986696
4.39823		2.18		0.101198
4.39823		2.19		0.109105
4.39823		2.2		0.123317
4.39823		2.21		0.146372
4.39823		2.22		0.183517
4.39823		2.23		0.245697
4.39823		2.24		0.35783
4.39823		2.25		0.585247
4.39823		2.26		1.13539
4.39823		2.27		2.77948
4.39823		2.28		5.71895
4.39823		2.29		2.99018
4.39823		2.3		1.22878
4.39823		2.31		0.618315
4.39823		2.32		0.367871
4.39823		2.33		0.246134
4.39823		2.34		0.178654
4.39823		2.35		0.137806
4.39823		2.36		0.111662
4.39823		2.37		0.0945265
4.39823		2.38		0.08359
4.39823		2.39		0.0776975
4.39823		2.4		0.077111
4.39823		2.41		0.0843356
4.39823		2.42		0.107816
4.39823		2.43		0.177674
4.39823		2.44		0.396474
4.39823		2.45		0.5011
4.39823		2.46		0.228524
4.39823		2.47		0.141124
4.39823		2.48		0.148647
4.39823		2.49		0.106488
4.39823		2.5		0.0682992
4.39823		2.51		0.061415
4.39823		2.52		0.0767963
4.39823		2.53		0.0838538
4.39823		2.54		0.0502743
4.39823		2.55		0.0367599
4.39823		2.56		0.0323106
4.39823		2.57		0.0318716
4.39823		2.58		0.035215
4.39823		2.59		0.0456673
4.39823		2.6		0.0765135
4.39823		2.61		0.171424
4.39823		2.62		0.197162
4.39823		2.63		0.0861417
4.39823		2.64		0.0458652
4.39823		2.65		0.0316683
4.39823		2.66		0.0266147
4.39823		2.67		0.0260485
4.39823		2.68		0.0260591
4.39823		2.69		0.0363875
4.39823		2.7		0.0428915
4.39823		2.71		0.0246747
4.39823		2.72		0.0172021
4.39823		2.73		0.0143392
4.39823		2.74		0.0130776
4.39823		2.75		0.012812
4.39823		2.76		0.0141836
4.39823		2.77		0.0189219
4.39823		2.78		0.016022
4.39823		2.79		0.0117453
4.39823		2.8		0.0101969
4.39823		2.81		0.00953661
4.39823		2.82		0.00927461
4.39823		2.83		0.00939403
4.39823		2.84		0.0103446
4.39823		2.85		0.0132445
4.39823		2.86		0.0126529
4.39823		2.87		0.01107
4.39823		2.88		0.0109533
4.39823		2.89		0.0103444
4.39823		2.9		0.0111116
4.39823		2.91		0.0140364
4.39823		2.92		0.0226068
4.39823		2.93		0.0486628
4.39823		2.94		0.0544402
4.39823		2.95		0.0248203
4.39823		2.96		0.0141651
4.39823		2.97		0.010309
4.39823		2.98		0.00862476
4.39823		2.99		0.0078672
4.39823		3		0.00771925
4.39823		3.01		0.00837047
4.39823		3.02		0.0110716
4.39823		3.03		0.0190349
4.39823		3.04		0.0165053
4.39823		3.05		0.00952465
4.39823		3.06		0.00726351
4.39823		3.07		0.00676196
4.39823		3.08		0.00704949
4.39823		3.09		0.00736166
4.39823		3.1		0.00699654
4.39823		3.11		0.00550556
4.39823		3.12		0.00491271
4.39823		3.13		0.0046637
4.39823		3.14		0.00458935
5.02655		0		0.00269216
5.02655		0.01		0.00274845
5.02655		0.02		0.00280725
5.02655		0.03		0.00286877
5.02655		0.04		0.00293326
5.02655		0.05		0.00300101
5.02655		0.06		0.00307237
5.02655		0.07		0.00314771
5.02655		0.08		0.0032275
5.02655		0.09		0.00331229
5.02655		0.1		0.00340273
5.02655		0.11		0.00349962
5.02655		0.12		0.00360392
5.02655		0.13		0.00371683
5.02655		0.14		0.00383987
5.02655		0.15		0.00397493
5.02655		0.16		0.00412447
5.02655		0.17		0.00429173
5.02655		0.18		0.00448099
5.02655		0.19		0.00469811
5.02655		0.2		0.00495125
5.02655		0.21		0.00525205
5.02655		0.22		0.00561764
5.02655		0.23		0.00607412
5.02655		0.24		0.00666285
5.02655		0.25		0.00745257
5.02655		0.26		0.00856444
5.02655		0.27		0.010228
5.02655		0.28		0.01292
5.02655		0.29		0.0177586
5.02655		0.3		0.0278257
5.02655		0.31		0.0535377
5.02655		0.32		0.131478
5.02655		0.33		0.187413
5.02655		0.34		0.0804955
5.02655		0.35		0.0374947
5.02655		0.36		0.0226079
5.02655		0.37		0.0162579
5.02655		0.38		0.0131119
5.02655		0.39		0.0114082
5.02655		0.4		0.0104481
5.02655		0.41		0.00991404
5.02655		0.42		0.00964676
5.02655		0.43		0.00956025
5.02655		0.44		0.00960588
5.02655		0.45		0.00975557
5.02655		0.46		0.00999336
5.02655		0.47		0.0103111
5.02655		0.48		0.0107058
5.02655		0.49		0.011179
5.02655		0.5		0.0117354
5.02655		0.51		0.0123835
5.02655		0.52		0.0131353
5.02655		0.53		0.0140072
5.02655		0.54		0.0150211
5.02655		0.55		0.0162054
5.02655		0.56		0.0175981
5.02655		0.57		0.0192492
5.02655		0.58		0.0212263
5.02655		0.59		0.0236219
5.02655		0.6		0.0265646
5.02655		0.61		0.0302382
5.02655		0.62		0.0349113
5.02655		0.63		0.0409899
5.02655		0.64		0.0491094
5.02655		0.65		0.0603102
5.02655		0.66		0.076388
5.02655		0.67		0.100655
5.02655		0.68		0.139751
5.02655		0.69		0.208531
5.02655		0.7		0.345401
5.02655		0.71		0.670618
5.02655		0.72		1.63118
5.02655		0.73		3.5578
5.02655		0.74		1.98711
5.02655		0.75		0.785581
5.02655		0.76		0.389546
5.02655		0.77		0.230134
5.02655		0.78		0.152665
5.02655		0.79		0.109774
5.02655		0.8		0.0837605
5.02655		0.81		0.0669099
5.02655		0.82		0.0554502
5.02655		0.83		0.0473679
5.02655		0.84		0.0415117
5.02655		0.85		0.0371859
5.02655		0.86		0.0339517
5.02655		0.87		0.0315218
5.02655		0.88		0.0297027
5.02655		0.89		0.0283616
5.02655		0.9		0.0274056
5.02655		0.91		0.0267701
5.02655		0.92		0.0264105
5.02655		0.93		0.0262977
5.02655		0.94		0.0264154
5.02655		0.95		0.0267586
5.02655		0.96		0.0273341
5.02655		0.97		0.0281627
5.02655		0.98		0.029283
5.02655		0.99		0.0307602
5.02655		1		0.0327019
5.02655		1.01		0.0352878
5.02655		1.02		0.0388319
5.02655		1.03		0.0439167
5.02655		1.04		0.0517188
5.02655		1.05		0.0648969
5.02655		1.06		0.0904356
5.02655		1.07		0.150675
5.02655		1.08		0.328439
5.02655		1.09		0.617025
5.02655		1.1		0.331953
5.02655		1.11		0.167043
5.02655		1.12		0.106552
5.02655		1.13		0.0836369
5.02655		1.14		0.0747103
5.02655		1.15		0.0719016
5.02655		1.16		0.0724041
5.02655		1.17		0.0750876
5.02655		1.18		0.0794936
5.02655		1.19		0.0854881
5.02655		1.2		0.0931311
5.02655		1.21		0.102633
5.02655		1.22		0.114354
5.02655		1.23		0.128834
5.02655		1.24		0.146855
5.02655		1.25		0.169556
5.02655		1.26		0.198616
5.02655		1.27		0.23658
5.02655		1.28		0.287445
5.02655		1.29		0.357764
5.02655		1.3		0.458865
5.02655		1.31		0.611692
5.02655		1.32		0.858391
5.02655		1.33		1.29368
5.02655		1.34		2.16422
5.02655		1.35		4.24952
5.02655		1.36		10.4483
5.02655		1.37		21.9375
5.02655		1.38		11.6458
5.02655		1.39		4.6687
5.02655		1.4		2.37608
5.02655		1.41		1.47041
5.02655		1.42		1.07292
5.02655		1.43		0.946546
5.02655		1.44		1.11904
5.02655		1.45		2.0023
5.02655		1.46		2.5804
5.02655		1.47		1.24551
5.02655		1.48		0.725873
5.02655		1.49		0.57038
5.02655		1.5		0.558592
5.02655		1.51		0.661712
5.02655		1.52		0.956015
5.02655		1.53		1.75503
5.02655		1.54		4.23957
5.02655		1.55		7.4083
5.02655		1.56		3.41012
5.02655		1.57		1.44488
5.02655		1.58		0.775184
5.02655		1.59		0.491014
5.02655		1.6		0.347382
5.02655		1.61		0.265889
5.02655		1.62		0.21626
5.02655		1.63		0.185129
5.02655		1.64		0.166158
5.02655		1.65		0.15647
5.02655		1.66		0.155382
5.02655		1.67		0.164335
5.02655		1.68		0.188071
5.02655		1.69		0.238635
5.02655		1.7		0.348538
5.02655		1.71		0.621653
5.02655		1.72		1.44509
5.02655		1.73		2.95758
5.02655		1.74		1.57853
5.02655		1.75		0.657226
5.02655		1.76		0.352246
5.02655		1.77		0.229112
5.02655		1.78		0.170786
5.02655		1.79		0.141677
5.02655		1.8		0.12972
5.02655		1.81		0.132981
5.02655		1.82		0.160957
5.02655		1.83		0.256936
5.02655		1.84		0.418932
5.02655		1.85		0.285919
5.02655		1.86		0.236067
5.02655		1.87		0.28809
5.02655		1.88		0.463854
5.02655		1.89		0.984209
5.02655		1.9		2.45291
5.02655		1.91		2.14897
5.02655		1.92		0.83798
5.02655		1.93		0.396416
5.02655		1.94		0.229951
5.02655		1.95		0.152529
5.02655		1.96		0.110742
5.02655		1.97		0.0857573
5.02655		1.98		0.0697245
5.02655		1.99		0.0589434
5.02655		2		0.051517
5.02655		2.01		0.0464241
5.02655		2.02		0.043125
5.02655		2.03		0.0414247
5.02655		2.04		0.0414133
5.02655		2.05		0.0435815
5.02655		2.06		0.0491785
5.02655		2.07		0.0612643
5.02655		2.08		0.0881787
5.02655		2.09		0.157222
5.02655		2.1		0.3692
5.02655		2.11		0.660335
5.02655		2.12		0.314209
5.02655		2.13		0.136254
5.02655		2.14		0.0757465
5.02655		2.15		0.0500449
5.02655		2.16		0.0369201
5.02655		2.17		0.0292959
5.02655		2.18		0.0244434
5.02655		2.19		0.021147
5.02655		2.2		0.0188068
5.02655		2.21		0.0171091
5.02655		2.22		0.015894
5.02655		2.23		0.0151096
5.02655		2.24		0.0148291
5.02655		2.25		0.0153923
5.02655		2.26		0.0179513
5.02655		2.27		0.0267976
5.02655		2.28		0.0434395
5.02655		2.29		0.0301713
5.02655		2.3		0.0224757
5.02655		2.31		0.0150286
5.02655		2.32		0.011652
5.02655		2.33		0.0101142
5.02655		2.34		0.00923657
5.02655		2.35		0.00865816
5.02655		2.36		0.00824605
5.02655		2.37		0.00794437
5.02655		2.38		0.00773014
5.02655		2.39		0.00759922
5.02655		2.4		0.00756436
5.02655		2.41		0.00766338
5.02655		2.42		0.00798951
5.02655		2.43		0.00880181
5.02655		2.44		0.0108667
5.02655		2.45		0.0133167
5.02655		2.46		0.0163972
5.02655		2.47		0.029225
5.02655		2.48		0.0614868
5.02655		2.49		0.0429723
5.02655		2.5		0.0204128
5.02655		2.51		0.0140427
5.02655		2.52		0.0145307
5.02655		2.53		0.0150728
5.02655		2.54		0.00948976
5.02655		2.55		0.0070852
5.02655		2.56		0.00605769
5.02655		2.57		0.00550391
5.02655		2.58		0.005161
5.02655		2.59		0.00493608
5.02655		2.6		0.00479357
5.02655		2.61		0.00472647
5.02655		2.62		0.0047263
5.02655		2.63		0.00481518
5.02655		2.64		0.00509621
5.02655		2.65		0.00579895
5.02655		2.66		0.00770501
5.02655		2.67		0.0109595
5.02655		2.68		0.0124539
5.02655		2.69		0.0225526
5.02655		2.7		0.0291109
5.02655		2.71		0.0138763
5.02655		2.72		0.00787319
5.02655		2.73		0.00575952
5.02655		2.74		0.00488616
5.02655		2.75		0.00460251
5.02655		2.76		0.00496984
5.02655		2.77		0.00649639
5.02655		2.78		0.00556839
5.02655		2.79		0.00422343
5.02655		2.8		0.003808
5.02655		2.81		0.00374666
5.02655		2.82		0.00394863
5.02655		2.83		0.00461716
5.02655		2.84		0.00665522
5.02655		2.85		0.0121357
5.02655		2.86		0.0109388
5.02655		2.87		0.00693322
5.02655		2.88		0.00488097
5.02655		2.89		0.00434953
5.02655		2.9		0.00457189
5.02655		2.91		0.00569084
5.02655		2.92		0.00912639
5.02655		2.93		0.0196775
5.02655		2.94		0.0220027
5.02655		2.95		0.00995769
5.02655		2.96		0.00561154
5.02655		2.97		0.00401889
5.02655		2.98		0.00329214
5.02655		2.99		0.00290822
5.02655		3		0.00269623
5.02655		3.01		0.00260925
5.02655		3.02		0.00270752
5.02655		3.03		0.0032032
5.02655		3.04		0.00299437
5.02655		3.05		0.0025119
5.02655		3.06		0.00243484
5.02655		3.07		0.00269887
5.02655		3.08		0.00323851
5.02655		3.09		0.00369734
5.02655		3.1		0.00355554
5.02655		3.11		0.00249962
5.02655		3.12		0.00211103
5.02655		3.13		0.0019618
5.02655		3.14		0.00190989
5.65487		0		0.00359074
5.65487		0.01		0.00369772
5.65487		0.02		0.00381005
5.65487		0.03		0.00392816
5.65487		0.04		0.00405251
5.65487		0.05		0.00418365
5.65487		0.06		0.00432219
5.65487		0.07		0.00446882
5.65487		0.08		0.00462434
5.65487		0.09		0.00478969
5.65487		0.1		0.00496595
5.65487		0.11		0.00515441
5.65487		0.12		0.00535662
5.65487		0.13		0.00557443
5.65487		0.14		0.00581013
5.65487		0.15		0.00606655
5.65487		0.16		0.00634729
5.65487		0.17		0.00665695
5.65487		0.18		0.00700158
5.65487		0.19		0.00738929
5.65487		0.2		0.00783119
5.65487		0.21		0.008343
5.65487		0.22		0.00894761
5.65487		0.23		0.00967955
5.65487		0.24		0.0105932
5.65487		0.25		0.0117785
5.65487		0.26		0.0133933
5.65487		0.27		0.0157358
5.65487		0.28		0.0194243
5.65487		0.29		0.0259074
5.65487		0.3		0.0391751
5.65487		0.31		0.0727095
5.65487		0.32		0.173857
5.65487		0.33		0.246552
5.65487		0.34		0.108517
5.65487		0.35		0.053231
5.65487		0.36		0.0343619
5.65487		0.37		0.026578
5.65487		0.38		0.0229823
5.65487		0.39		0.0213002
5.65487		0.4		0.0206333
5.65487		0.41		0.0205777
5.65487		0.42		0.0209351
5.65487		0.43		0.0216037
5.65487		0.44		0.0225315
5.65487		0.45		0.0236953
5.65487		0.46		0.0250898
5.65487		0.47		0.0267231
5.65487		0.48		0.0286136
5.65487		0.49		0.0307902
5.65487		0.5		0.0332921
5.65487		0.51		0.0361708
5.65487		0.52		0.0394923
5.65487		0.53		0.0433411
5.65487		0.54		0.0478257
5.65487		0.55		0.0530858
5.65487		0.56		0.059304
5.65487		0.57		0.0667215
5.65487		0.58		0.0756615
5.65487		0.59		0.0865654
5.65487		0.6		0.100048
5.65487		0.61		0.116984
5.65487		0.62		0.138656
5.65487		0.63		0.166998
5.65487		0.64		0.205042
5.65487		0.65		0.257747
5.65487		0.66		0.333677
5.65487		0.67		0.448626
5.65487		0.68		0.634268
5.65487		0.69		0.96144
5.65487		0.7		1.61332
5.65487		0.71		3.16345
5.65487		0.72		7.74375
5.65487		0.73		16.9315
5.65487		0.74		9.43918
5.65487		0.75		3.70744
5.65487		0.76		1.81737
5.65487		0.77		1.05578
5.65487		0.78		0.684953
5.65487		0.79		0.478961
5.65487		0.8		0.353383
5.65487		0.81		0.271422
5.65487		0.82		0.21508
5.65487		0.83		0.174744
5.65487		0.84		0.144915
5.65487		0.85		0.122265
5.65487		0.86		0.10469
5.65487		0.87		0.0908049
5.65487		0.88		0.0796724
5.65487		0.89		0.0706399
5.65487		0.9		0.0632437
5.65487		0.91		0.0571489
5.65487		0.92		0.0521117
5.65487		0.93		0.0479542
5.65487		0.94		0.0445489
5.65487		0.95		0.0418094
5.65487		0.96		0.0396849
5.65487		0.97		0.0381606
5.65487		0.98		0.0372624
5.65487		0.99		0.0370704
5.65487		1		0.0377456
5.65487		1.01		0.0395829
5.65487		1.02		0.0431213
5.65487		1.03		0.0493848
5.65487		1.04		0.0604627
5.65487		1.05		0.081089
5.65487		1.06		0.12368
5.65487		1.07		0.227784
5.65487		1.08		0.539509
5.65487		1.09		1.05309
5.65487		1.1		0.596339
5.65487		1.11		0.33831
5.65487		1.12		0.164714
5.65487		1.13		0.0930436
5.65487		1.14		0.0617911
5.65487		1.15		0.0454345
5.65487		1.16		0.0357435
5.65487		1.17		0.0294987
5.65487		1.18		0.0252295
5.65487		1.19		0.0221852
5.65487		1.2		0.0199511
5.65487		1.21		0.0182838
5.65487		1.22		0.0170355
5.65487		1.23		0.016115
5.65487		1.24		0.0154677
5.65487		1.25		0.0150654
5.65487		1.26		0.0149021
5.65487		1.27		0.014994
5.65487		1.28		0.0153858
5.65487		1.29		0.0161647
5.65487		1.3		0.0174912
5.65487		1.31		0.0196672
5.65487		1.32		0.0233001
5.65487		1.33		0.0297443
5.65487		1.34		0.0424989
5.65487		1.35		0.0725504
5.65487		1.36		0.160609
5.65487		1.37		0.323332
5.65487		1.38		0.181806
5.65487		1.39		0.0880703
5.65487		1.4		0.0622902
5.65487		1.41		0.0603152
5.65487		1.42		0.0746378
5.65487		1.43		0.115234
5.65487		1.44		0.227636
5.65487		1.45		0.57477
5.65487		1.46		0.799905
5.65487		1.47		0.330349
5.65487		1.48		0.144315
5.65487		1.49		0.0788447
5.65487		1.5		0.0501691
5.65487		1.51		0.0354485
5.65487		1.52		0.0272336
5.65487		1.53		0.0230117
5.65487		1.54		0.0233179
5.65487		1.55		0.0258192
5.65487		1.56		0.0173582
5.65487		1.57		0.0126698
5.65487		1.58		0.0104137
5.65487		1.59		0.00901874
5.65487		1.6		0.00802569
5.65487		1.61		0.00726511
5.65487		1.62		0.00665825
5.65487		1.63		0.00616222
5.65487		1.64		0.00575147
5.65487		1.65		0.00541055
5.65487		1.66		0.00513133
5.65487		1.67		0.00491309
5.65487		1.68		0.00476622
5.65487		1.69		0.00472453
5.65487		1.7		0.00488611
5.65487		1.71		0.00557153
5.65487		1.72		0.00798296
5.65487		1.73		0.0125501
5.65487		1.74		0.008132
5.65487		1.75		0.00514688
5.65487		1.76		0.00408676
5.65487		1.77		0.00359854
5.65487		1.78		0.00331648
5.65487		1.79		0.0031277
5.65487		1.8		0.00299106
5.65487		1.81		0.00289297
5.65487		1.82		0.00284181
5.65487		1.83		0.00289904
5.65487		1.84		0.00305684
5.65487		1.85		0.00275745
5.65487		1.86		0.00256385
5.65487		1.87		0.00247189
5.65487		1.88		0.00241997
5.65487		1.89		0.00240439
5.65487		1.9		0.0024563
5.65487		1.91		0.00241061
5.65487		1.92		0.00231318
5.65487		1.93		0.00227751
5.65487		1.94		0.00226959
5.65487		1.95		0.00228132
5.65487		1.96		0.00231513
5.65487		1.97		0.00238141
5.65487		1.98		0.00250751
5.65487		1.99		0.00277848
5.65487		2		0.0034921
5.65487		2.01		0.00429444
5.65487		2.02		0.00356793
5.65487		2.03		0.00344786
5.65487		2.04		0.00375801
5.65487		2.05		0.00440792
5.65487		2.06		0.0055592
5.65487		2.07		0.00768541
5.65487		2.08		0.0120887
5.65487		2.09		0.0230243
5.65487		2.1		0.0561903
5.65487		2.11		0.101662
5.65487		2.12		0.047907
5.65487		2.13		0.0203219
5.65487		2.14		0.0110124
5.65487		2.15		0.0071149
5.65487		2.16		0.00517134
5.65487		2.17		0.00408295
5.65487		2.18		0.00342852
5.65487		2.19		0.00302395
5.65487		2.2		0.00278398
5.65487		2.21		0.00267414
5.65487		2.22		0.00269874
5.65487		2.23		0.00291976
5.65487		2.24		0.00355744
5.65487		2.25		0.00539729
5.65487		2.26		0.00837609
5.65487		2.27		0.00813943
5.65487		2.28		0.0116955
5.65487		2.29		0.0189859
5.65487		2.3		0.0275996
5.65487		2.31		0.0127686
5.65487		2.32		0.00608988
5.65487		2.33		0.00374649
5.65487		2.34		0.00271586
5.65487		2.35		0.00217505
5.65487		2.36		0.00185442
5.65487		2.37		0.00164728
5.65487		2.38		0.00150509
5.65487		2.39		0.00140348
5.65487		2.4		0.00132952
5.65487		2.41		0.0012767
5.65487		2.42		0.00124384
5.65487		2.43		0.00123948
5.65487		2.44		0.00129937
5.65487		2.45		0.00133958
5.65487		2.46		0.00128998
5.65487		2.47		0.0014139
5.65487		2.48		0.00180232
5.65487		2.49		0.0016082
5.65487		2.5		0.00142071
5.65487		2.51		0.001584
5.65487		2.52		0.00175122
5.65487		2.53		0.0015871
5.65487		2.54		0.00146637
5.65487		2.55		0.00152428
5.65487		2.56		0.0017159
5.65487		2.57		0.00208604
5.65487		2.58		0.00280715
5.65487		2.59		0.00439028
5.65487		2.6		0.00862176
5.65487		2.61		0.0212878
5.65487		2.62		0.0247881
5.65487		2.63		0.0101944
5.65487		2.64		0.00492838
5.65487		2.65		0.00308221
5.65487		2.66		0.00240317
5.65487		2.67		0.00220885
5.65487		2.68		0.00170907
5.65487		2.69		0.00147505
5.65487		2.7		0.00137946
5.65487		2.71		0.00125453
5.65487		2.72		0.00123414
5.65487		2.73		0.00130632
5.65487		2.74		0.00151727
5.65487		2.75		0.00205568
5.65487		2.76		0.00363209
5.65487		2.77		0.0076565
5.65487		2.78		0.00580159
5.65487		2.79		0.00286227
5.65487		2.8		0.0019895
5.65487		2.81		0.00182046
5.65487		2.82		0.00206223
5.65487		2.83		0.00292977
5.65487		2.84		0.00558796
5.65487		2.85		0.0127282
5.65487		2.86		0.0107805
5.65487		2.87		0.00542686
5.65487		2.88		0.0029651
5.65487		2.89		0.00183655
5.65487		2.9		0.00132916
5.65487		2.91		0.00108703
5.65487		2.92		0.000981565
5.65487		2.93		0.00101959
5.65487		2.94		0.000983352
5.65487		2.95		0.000783393
5.65487		2.96		0.000692824
5.65487		2.97		0.000645392
5.65487		2.98		0.000615046
5.65487		2.99		0.00059393
5.65487		3		0.000579336
5.65487		3.01		0.000570858
5.65487		3.02		0.000570775
5.65487		3.03		0.000585803
5.65487		3.04		0.000598521
5.65487		3.05		0.00063295
5.65487		3.06		0.000752569
5.65487		3.07		0.00113537
5.65487		3.08		0.00160545
5.65487		3.09		0.00112118
5.65487		3.1		0.000856837
5.65487		3.11		0.00066038
5.65487		3.12		0.000605061
5.65487		3.13		0.000641821
5.65487		3.14		0.000806568
6.28319		0		7.56145e-21
6.28319		0.01		7.75298e-21
6.28319		0.02		7.95315e-21
6.28319		0.03		8.16257e-21
6.28319		0.04		8.38192e-21
6.28319		0.05		8.61194e-21
6.28319		0.06		8.85347e-21
6.28319		0.07		9.10747e-21
6.28319		0.08		9.37501e-21
6.28319		0.09		9.65732e-21
6.28319		0.1		9.95579e-21
6.28319		0.11		1.02721e-20
6.28319		0.12		1.06081e-20
6.28319		0.13		1.09661e-20
6.28319		0.14		1.13489e-20
6.28319		0.15		1.17599e-20
6.28319		0.16		1.22031e-20
6.28319		0.17		1.26838e-20
6.28319		0.18		1.32088e-20
6.28319		0.19		1.37872e-20
6.28319		0.2		1.44309e-20
6.28319		0.21		1.51569e-20
6.28319		0.22		1.59896e-20
6.28319		0.23		1.69655e-20
6.28319		0.24		1.81414e-20
6.28319		0.25		1.96112e-20
6.28319		0.26		2.15387e-20
6.28319		0.27		2.42322e-20
6.28319		0.28		2.83305e-20
6.28319		0.29		3.53271e-20
6.28319		0.3		4.93346e-20
6.28319		0.31		8.4244e-20
6.28319		0.32		1.88833e-19
6.28319		0.33		2.64139e-19
6.28319		0.34		1.22385e-19
6.28319		0.35		6.59124e-20
6.28319		0.36		4.6994e-20
6.28319		0.37		3.95378e-20
6.28319		0.38		3.64435e-20
6.28319		0.39		3.53734e-20
6.28319		0.4		3.54083e-20
6.28319		0.41		3.61397e-20
6.28319		0.42		3.73719e-20
6.28319		0.43		3.90101e-20
6.28319		0.44		4.10127e-20
6.28319		0.45		4.33697e-20
6.28319		0.46		4.60924e-20
6.28319		0.47		4.92087e-20
6.28319		0.48		5.27619e-20
6.28319		0.49		5.68103e-20
6.28319		0.5		6.14299e-20
6.28319		0.51		6.6717e-20
6.28319		0.52		7.27935e-20
6.28319		0.53		7.98142e-20
6.28319		0.54		8.79762e-20
6.28319		0.55		9.75335e-20
6.28319		0.56		1.08817e-19
6.28319		0.57		1.22262e-19
6.28319		0.58		1.38455e-19
6.28319		0.59		1.58191e-19
6.28319		0.6		1.82583e-19
6.28319		0.61		2.13212e-19
6.28319		0.62		2.52394e-19
6.28319		0.63		3.03624e-19
6.28319		0.64		3.72376e-19
6.28319		0.65		4.67613e-19
6.28319		0.66		6.04805e-19
6.28319		0.67		8.12482e-19
6.28319		0.68		1.14787e-18
6.28319		0.69		1.73892e-18
6.28319		0.7		2.91657e-18
6.28319		0.71		5.71692e-18
6.28319		0.72		1.39913e-17
6.28319		0.73		3.05893e-17
6.28319		0.74		1.70542e-17
6.28319		0.75		6.69965e-18
6.28319		0.76		3.28518e-18
6.28319		0.77		1.90934e-18
6.28319		0.78		1.2394e-18
6.28319		0.79		8.67235e-19
6.28319		0.8		6.40332e-19
6.28319		0.81		4.9221e-19
6.28319		0.82		3.90357e-19
6.28319		0.83		3.17404e-19
6.28319		0.84		2.63412e-19
6.28319		0.85		2.22369e-19
6.28319		0.86		1.90465e-19
6.28319		0.87		1.65196e-19
6.28319		0.88		1.4486e-19
6.28319		0.89		1.28271e-19
6.28319		0.9		1.14579e-19
6.28319		0.91		1.03165e-19
6.28319		0.92		9.3571e-20
6.28319		0.93		8.54504e-20
6.28319		0.94		7.85404e-20
6.28319		0.95		7.26394e-20
6.28319		0.96		6.75929e-20
6.28319		0.97		6.32841e-20
6.28319		0.98		5.96277e-20
6.28319		0.99		5.65682e-20
6.28319		1		5.40813e-20
6.28319		1.01		5.21825e-20
6.28319		1.02		5.09479e-20
6.28319		1.03		5.05614e-20
6.28319		1.04		5.14303e-20
6.28319		1.05		5.44938e-20
6.28319		1.06		6.21917e-20
6.28319		1.07		8.21268e-20
6.28319		1.08		1.41872e-19
6.28319		1.09		2.45889e-19
6.28319		1.1		2.05353e-19
6.28319		1.11		1.90742e-19
6.28319		1.12		1.018e-19
6.28319		1.13		6.51951e-20
6.28319		1.14		5.13149e-20
6.28319		1.15		4.4876e-20
6.28319		1.16		4.14968e-20
6.28319		1.17		3.96484e-20
6.28319		1.18		3.86973e-20
6.28319		1.19		3.83491e-20
6.28319		1.2		3.84588e-20
6.28319		1.21		3.89565e-20
6.28319		1.22		3.98158e-20
6.28319		1.23		4.10394e-20
6.28319		1.24		4.26545e-20
6.28319		1.25		4.47147e-20
6.28319		1.26		4.731e-20
6.28319		1.27		5.05966e-20
6.28319		1.28		5.48906e-20
6.28319		1.29		6.10339e-20
6.28319		1.3		7.15763e-20
6.28319		1.31		8.11978e-20
6.28319		1.32		8.37376e-20
6.28319		1.33		9.30784e-20
6.28319		1.34		1.08696e-19
6.28319		1.35		1.34118e-19
6.28319		1.36		1.84028e-19
6.28319		1.37		2.66256e-19
6.28319		1.38		2.59559e-19
6.28319		1.39		2.87448e-19
6.28319		1.4		3.70181e-19
6.28319		1.41		5.21496e-19
6.28319		1.42		8.05576e-19
6.28319		1.43		1.41021e-18
6.28319		1.44		2.97664e-18
6.28319		1.45		7.73843e-18
6.28319		1.46		1.08279e-17
6.28319		1.47		4.42626e-18
6.28319		1.48		1.89388e-18
6.28319		1.49		1.00596e-18
6.28319		1.5		6.18764e-19
6.28319		1.51		4.20149e-19
6.28319		1.52		3.07134e-19
6.28319		1.53		2.40725e-19
6.28319		1.54		2.10594e-19
6.28319		1.55		1.99931e-19
6.28319		1.56		1.4671e-19
6.28319		1.57		1.14381e-19
6.28319		1.58		9.57241e-20
6.28319		1.59		8.29542e-20
6.28319		1.6		7.35176e-20
6.28319		1.61		6.63624e-20
6.28319		1.62		6.10848e-20
6.28319		1.63		5.80429e-20
6.28319		1.64		5.90206e-20
6.28319		1.65		5.53888e-20
6.28319		1.66		4.84439e-20
6.28319		1.67		4.50017e-20
6.28319		1.68		4.30149e-20
6.28319		1.69		4.18468e-20
6.28319		1.7		4.14406e-20
6.28319		1.71		4.22203e-20
6.28319		1.72		4.60402e-20
6.28319		1.73		5.35711e-20
6.28319		1.74		4.73792e-20
6.28319		1.75		4.38193e-20
6.28319		1.76		4.37209e-20
6.28319		1.77		4.50534e-20
6.28319		1.78		4.73758e-20
6.28319		1.79		5.07084e-20
6.28319		1.8		5.52907e-20
6.28319		1.81		6.15956e-20
6.28319		1.82		7.05272e-20
6.28319		1.83		8.40825e-20
6.28319		1.84		1.04255e-19
6.28319		1.85		1.27928e-19
6.28319		1.86		1.70627e-19
6.28319		1.87		2.52417e-19
6.28319		1.88		4.30027e-19
6.28319		1.89		9.05073e-19
6.28319		1.9		2.25586e-18
6.28319		1.91		2.53867e-18
6.28319		1.92		1.0836e-18
6.28319		1.93		5.06654e-19
6.28319		1.94		3.06919e-19
6.28319		1.95		2.26257e-19
6.28319		1.96		1.94547e-19
6.28319		1.97		1.9127e-19
6.28319		1.98		2.15206e-19
6.28319		1.99		2.86091e-19
6.28319		2		4.8654e-19
6.28319		2.01		9.87419e-19
6.28319		2.02		8.76577e-19
6.28319		2.03		5.59119e-19
6.28319		2.04		5.71201e-19
6.28319		2.05		8.20628e-19
6.28319		2.06		1.55318e-18
6.28319		2.07		3.7873e-18
6.28319		2.08		5.27422e-18
6.28319		2.09		2.77024e-18
6.28319		2.1		2.80708e-18
6.28319		2.11		4.01353e-18
6.28319		2.12		1.93838e-18
6.28319		2.13		8.72475e-19
6.28319		2.14		4.90338e-19
6.28319		2.15		3.1883e-19
6.28319		2.16		2.2718e-19
6.28319		2.17		1.72148e-19
6.28319		2.18		1.36344e-19
6.28319		2.19		1.11673e-19
6.28319		2.2		9.39488e-20
6.28319		2.21		8.08324e-20
6.28319		2.22		7.09598e-20
6.28319		2.23		6.35592e-20
6.28319		2.24		5.8364e-20
6.28319		2.25		5.59726e-20
6.28319		2.26		5.80634e-20
6.28319		2.27		6.74729e-20
6.28319		2.28		6.5497e-20
6.28319		2.29		5.89672e-20
6.28319		2.3		6.14836e-20
6.28319		2.31		4.53991e-20
6.28319		2.32		3.77041e-20
6.28319		2.33		3.46739e-20
6.28319		2.34		3.37835e-20
6.28319		2.35		3.53575e-20
6.28319		2.36		4.33588e-20
6.28319		2.37		5.79372e-20
6.28319		2.38		4.24407e-20
6.28319		2.39		3.31063e-20
6.28319		2.4		3.03184e-20
6.28319		2.41		3.01052e-20
6.28319		2.42		3.24611e-20
6.28319		2.43		4.13523e-20
6.28319		2.44		5.79488e-20
6.28319		2.45		4.34397e-20
6.28319		2.46		3.30106e-20
6.28319		2.47		2.98675e-20
6.28319		2.48		2.91694e-20
6.28319		2.49		2.93504e-20
6.28319		2.5		3.06406e-20
6.28319		2.51		3.44974e-20
6.28319		2.52		3.70028e-20
6.28319		2.53		3.43436e-20
6.28319		2.54		3.37469e-20
6.28319		2.55		3.46492e-20
6.28319		2.56		3.63084e-20
6.28319		2.57		3.86018e-20
6.28319		2.58		4.17893e-20
6.28319		2.59		4.69494e-20
6.28319		2.6		5.49721e-20
6.28319		2.61		5.6829e-20
6.28319		2.62		6.1451e-20
6.28319		2.63		6.74126e-20
6.28319		2.64		7.47813e-20
6.28319		2.65		9.05087e-20
6.28319		2.66		1.01212e-19
6.28319		2.67		1.10358e-19
6.28319		2.68		1.26648e-19
6.28319		2.69		1.53311e-19
6.28319		2.7		1.91428e-19
6.28319		2.71		2.44978e-19
6.28319		2.72		3.32581e-19
6.28319		2.73		4.84199e-19
6.28319		2.74		7.76134e-19
6.28319		2.75		1.43714e-18
6.28319		2.76		3.29912e-18
6.28319		2.77		8.18768e-18
6.28319		2.78		6.31046e-18
6.28319		2.79		2.44959e-18
6.28319		2.8		1.16895e-18
6.28319		2.81		6.84311e-19
6.28319		2.82		4.64994e-19
6.28319		2.83		3.58073e-19
6.28319		2.84		3.17501e-19
6.28319		2.85		3.43934e-19
6.28319		2.86		3.85334e-19
6.28319		2.87		4.33648e-19
6.28319		2.88		4.94041e-19
6.28319		2.89		4.31249e-19
6.28319		2.9		5.30058e-19
6.28319		2.91		6.15218e-19
6.28319		2.92		8.30535e-19
6.28319		2.93		1.59292e-18
6.28319		2.94		3.94357e-18
6.28319		2.95		5.32263e-18
6.28319		2.96		2.21728e-18
6.28319		2.97		1.02139e-18
6.28319		2.98		6.29281e-19
6.28319		2.99		5.17905e-19
6.28319		3		6.13435e-19
6.28319		3.01		1.13513e-18
6.28319		3.02		1.7047e-18
6.28319		3.03		1.05123e-18
6.28319		3.04		6.33071e-19
6.28319		3.05		3.93382e-19
6.28319		3.06		3.9004e-19
6.28319		3.07		3.85401e-19
6.28319		3.08		4.19996e-19
6.28319		3.09		2.72911e-19
6.28319		3.1		2.70589e-19
6.28319		3.11		3.16012e-19
6.28319		3.12		1.76138e-19
6.28319		3.13		1.18933e-19
6.28319		3.14		1.14661e-19
