0		0		7.20085e-29
0		0.01		3.60171e-29
0		0.02		1.44229e-29
0		0.03		7.2257e-30
0		0.04		4.26304e-30
0		0.05		2.79883e-30
0		0.06		1.9774e-30
0		0.07		1.4734e-30
0		0.08		1.14316e-30
0		0.09		9.15755e-31
0		0.1		7.53018e-31
0		0.11		6.32986e-31
0		0.12		5.42322e-31
0		0.13		4.72564e-31
0		0.14		4.18148e-31
0		0.15		3.75305e-31
0		0.16		3.4143e-31
0		0.17		3.14687e-31
0		0.18		2.93776e-31
0		0.19		2.77781e-31
0		0.2		2.66071e-31
0		0.21		2.58243e-31
0		0.22		2.54085e-31
0		0.23		2.53566e-31
0		0.24		2.56835e-31
0		0.25		2.6425e-31
0		0.26		2.76429e-31
0		0.27		2.94335e-31
0		0.28		3.19427e-31
0		0.29		3.53904e-31
0		0.3		4.01129e-31
0		0.31		4.66381e-31
0		0.32		5.58253e-31
0		0.33		6.91408e-31
0		0.34		8.92436e-31
0		0.35		1.21344e-30
0		0.36		1.76736e-30
0		0.37		2.8341e-30
0		0.38		5.24356e-30
0		0.39		1.20016e-29
0		0.4		3.02163e-29
0		0.41		2.43359e-29
0		0.42		9.32832e-30
0		0.43		4.3422e-30
0		0.44		2.44856e-30
0		0.45		1.56544e-30
0		0.46		1.08917e-30
0		0.47		8.04855e-31
0		0.48		6.22155e-31
0		0.49		4.98089e-31
0		0.5		4.10186e-31
0		0.51		3.45804e-31
0		0.52		2.97406e-31
0		0.53		2.60285e-31
0		0.54		2.31387e-31
0		0.55		2.08673e-31
0		0.56		1.90748e-31
0		0.57		1.76652e-31
0		0.58		1.65718e-31
0		0.59		1.57502e-31
0		0.6		1.51728e-31
0		0.61		1.48263e-31
0		0.62		1.47117e-31
0		0.63		1.48449e-31
0		0.64		1.52607e-31
0		0.65		1.60194e-31
0		0.66		1.72202e-31
0		0.67		1.90243e-31
0		0.68		2.16992e-31
0		0.69		2.57064e-31
0		0.7		3.18895e-31
0		0.71		4.19133e-31
0		0.72		5.94168e-31
0		0.73		9.35265e-31
0		0.74		1.71753e-30
0		0.75		3.94677e-30
0		0.76		9.4119e-30
0		0.77		6.83774e-30
0		0.78		3.56944e-30
0		0.79		1.75411e-30
0		0.8		9.19381e-31
0		0.81		5.71904e-31
0		0.82		3.97992e-31
0		0.83		2.98888e-31
0		0.84		2.3751e-31
0		0.85		1.97477e-31
0		0.86		1.70704e-31
0		0.87		1.52939e-31
0		0.88		1.41943e-31
0		0.89		1.36721e-31
0		0.9		1.37271e-31
0		0.91		1.44716e-31
0		0.92		1.61973e-31
0		0.93		1.95615e-31
0		0.94		2.61153e-31
0		0.95		4.0021e-31
0		0.96		7.47817e-31
0		0.97		1.80362e-30
0		0.98		3.35349e-30
0		0.99		1.62016e-30
0		1		6.91978e-31
0		1.01		3.88509e-31
0		1.02		2.82555e-31
0		1.03		2.89767e-31
0		1.04		4.43233e-31
0		1.05		3.40418e-31
0		1.06		1.77084e-31
0		1.07		1.18123e-31
0		1.08		9.29505e-32
0		1.09		8.09463e-32
0		1.1		7.70656e-32
0		1.11		8.34372e-32
0		1.12		1.15948e-31
0		1.13		1.71569e-31
0		1.14		1.11976e-31
0		1.15		7.96625e-32
0		1.16		7.29456e-32
0		1.17		7.7439e-32
0		1.18		9.27899e-32
0		1.19		1.27945e-31
0		1.2		2.14355e-31
0		1.21		4.70328e-31
0		1.22		1.03001e-30
0		1.23		6.29141e-31
0		1.24		2.66821e-31
0		1.25		1.50134e-31
0		1.26		1.07594e-31
0		1.27		9.36133e-32
0		1.28		9.80536e-32
0		1.29		1.27235e-31
0		1.3		2.18302e-31
0		1.31		5.07518e-31
0		1.32		6.96783e-31
0		1.33		3.0094e-31
0		1.34		1.44036e-31
0		1.35		8.95858e-32
0		1.36		6.75004e-32
0		1.37		5.9934e-32
0		1.38		6.49103e-32
0		1.39		9.61159e-32
0		1.4		1.86467e-31
0		1.41		1.43948e-31
0		1.42		7.02756e-32
0		1.43		4.54829e-32
0		1.44		3.58253e-32
0		1.45		3.14992e-32
0		1.46		2.97267e-32
0		1.47		2.97344e-32
0		1.48		3.17431e-32
0		1.49		3.74589e-32
0		1.5		5.35545e-32
0		1.51		9.1992e-32
0		1.52		7.8117e-32
0		1.53		6.16565e-32
0		1.54		6.97924e-32
0		1.55		1.00511e-31
0		1.56		1.82451e-31
0		1.57		4.29726e-31
0		1.58		8.18453e-31
0		1.59		4.55403e-31
0		1.6		1.87776e-31
0		1.61		9.85617e-32
0		1.62		6.23525e-32
0		1.63		4.4711e-32
0		1.64		3.51157e-32
0		1.65		2.98066e-32
0		1.66		2.76857e-32
0		1.67		3.01505e-32
0		1.68		4.33162e-32
0		1.69		4.62628e-32
0		1.7		2.7518e-32
0		1.71		2.03079e-32
0		1.72		1.78122e-32
0		1.73		1.75896e-32
0		1.74		2.06525e-32
0		1.75		2.65164e-32
0		1.76		2.15655e-32
0		1.77		2.29097e-32
0		1.78		3.3335e-32
0		1.79		2.46094e-32
0		1.8		1.62388e-32
0		1.81		1.33738e-32
0		1.82		1.22011e-32
0		1.83		1.16617e-32
0		1.84		1.14419e-32
0		1.85		1.14413e-32
0		1.86		1.16436e-32
0		1.87		1.20911e-32
0		1.88		1.29043e-32
0		1.89		1.4368e-32
0		1.9		1.72129e-32
0		1.91		2.36676e-32
0		1.92		4.19281e-32
0		1.93		8.39889e-32
0		1.94		5.93117e-32
0		1.95		3.28325e-32
0		1.96		2.46202e-32
0		1.97		2.36172e-32
0		1.98		2.35623e-32
0		1.99		2.61453e-32
0		2		3.25749e-32
0		2.01		4.58788e-32
0		2.02		7.65178e-32
0		2.03		1.63271e-31
0		2.04		3.78959e-31
0		2.05		2.73832e-31
0		2.06		1.21893e-31
0		2.07		7.87479e-32
0		2.08		7.50774e-32
0		2.09		1.02864e-31
0		2.1		2.03511e-31
0		2.11		4.69728e-31
0		2.12		3.42978e-31
0		2.13		1.40267e-31
0		2.14		7.41679e-32
0		2.15		5.05968e-32
0		2.16		4.4406e-32
0		2.17		4.51047e-32
0		2.18		5.3545e-32
0		2.19		9.97972e-32
0		2.2		1.33644e-31
0		2.21		6.31361e-32
0		2.22		3.45792e-32
0		2.23		2.47268e-32
0		2.24		2.1004e-32
0		2.25		2.03107e-32
0		2.26		2.26037e-32
0		2.27		3.12692e-32
0		2.28		4.95322e-32
0		2.29		4.75893e-32
0		2.3		6.77402e-32
0		2.31		1.34836e-31
0		2.32		9.76319e-32
0		2.33		5.52466e-32
0		2.34		5.7201e-32
0		2.35		1.01166e-31
0		2.36		8.94792e-32
0		2.37		4.48955e-32
0		2.38		3.15189e-32
0		2.39		3.01036e-32
0		2.4		3.80081e-32
0		2.41		5.7433e-32
0		2.42		6.3279e-32
0		2.43		9.92944e-32
0		2.44		2.32346e-31
0		2.45		3.42806e-31
0		2.46		1.48248e-31
0		2.47		6.72886e-32
0		2.48		3.92683e-32
0		2.49		2.74337e-32
0		2.5		2.19485e-32
0		2.51		1.99883e-32
0		2.52		2.17498e-32
0		2.53		3.22164e-32
0		2.54		5.1673e-32
0		2.55		3.14367e-32
0		2.56		1.9113e-32
0		2.57		1.53573e-32
0		2.58		1.46754e-32
0		2.59		1.63574e-32
0		2.6		2.29896e-32
0		2.61		4.26236e-32
0		2.62		3.93948e-32
0		2.63		2.18394e-32
0		2.64		1.63633e-32
0		2.65		1.49573e-32
0		2.66		1.52081e-32
0		2.67		1.67143e-32
0		2.68		2.00979e-32
0		2.69		2.81672e-32
0		2.7		4.90663e-32
0		2.71		5.29362e-32
0		2.72		4.34589e-32
0		2.73		5.40167e-32
0		2.74		9.35523e-32
0		2.75		2.13914e-31
0		2.76		2.57457e-31
0		2.77		1.28876e-31
0		2.78		9.88198e-32
0		2.79		1.33015e-31
0		2.8		2.64521e-31
0		2.81		2.5547e-31
0		2.82		1.76862e-31
0		2.83		2.374e-31
0		2.84		5.29648e-31
0		2.85		8.04813e-31
0		2.86		3.49854e-31
0		2.87		1.54103e-31
0		2.88		8.60962e-32
0		2.89		5.68716e-32
0		2.9		4.23209e-32
0		2.91		3.46677e-32
0		2.92		3.11282e-32
0		2.93		3.11707e-32
0		2.94		3.68119e-32
0		2.95		5.7547e-32
0		2.96		9.57264e-32
0		2.97		6.75865e-32
0		2.98		5.99148e-32
0		2.99		9.07694e-32
0		3		2.02218e-31
0		3.01		2.35972e-31
0		3.02		1.04931e-31
0		3.03		6.18426e-32
0		3.04		5.9582e-32
0		3.05		9.71959e-32
0		3.06		1.00905e-31
0		3.07		4.93719e-32
0		3.08		3.09792e-32
0		3.09		2.46698e-32
0		3.1		2.28147e-32
0		3.11		2.37417e-32
0		3.12		2.82072e-32
0		3.13		4.09333e-32
0		3.14		8.03004e-32
0.628319		0		1.81979
0.628319		0.01		0.911599
0.628319		0.02		0.366724
0.628319		0.03		0.185167
0.628319		0.04		0.110472
0.628319		0.05		0.0735917
0.628319		0.06		0.0529347
0.628319		0.07		0.04029
0.628319		0.08		0.0320325
0.628319		0.09		0.0263721
0.628319		0.1		0.0223455
0.628319		0.11		0.0193984
0.628319		0.12		0.0171942
0.628319		0.13		0.015519
0.628319		0.14		0.0142321
0.628319		0.15		0.0132382
0.628319		0.16		0.0124709
0.628319		0.17		0.0118832
0.628319		0.18		0.0114414
0.628319		0.19		0.0111212
0.628319		0.2		0.010905
0.628319		0.21		0.0107807
0.628319		0.22		0.0107399
0.628319		0.23		0.0107783
0.628319		0.24		0.0108943
0.628319		0.25		0.0110901
0.628319		0.26		0.0113713
0.628319		0.27		0.0117485
0.628319		0.28		0.0122385
0.628319		0.29		0.0128675
0.628319		0.3		0.0136758
0.628319		0.31		0.014727
0.628319		0.32		0.0161244
0.628319		0.33		0.0180442
0.628319		0.34		0.0208047
0.628319		0.35		0.0250287
0.628319		0.36		0.0320641
0.628319		0.37		0.0452483
0.628319		0.38		0.0744707
0.628319		0.39		0.155542
0.628319		0.4		0.373142
0.628319		0.41		0.303768
0.628319		0.42		0.125731
0.628319		0.43		0.0671432
0.628319		0.44		0.0454734
0.628319		0.45		0.0359294
0.628319		0.46		0.0313316
0.628319		0.47		0.0291331
0.628319		0.48		0.0282735
0.628319		0.49		0.0282591
0.628319		0.5		0.0288441
0.628319		0.51		0.0299045
0.628319		0.52		0.031382
0.628319		0.53		0.0332593
0.628319		0.54		0.0355471
0.628319		0.55		0.0382795
0.628319		0.56		0.0415124
0.628319		0.57		0.0453258
0.628319		0.58		0.0498282
0.628319		0.59		0.055164
0.628319		0.6		0.0615257
0.628319		0.61		0.0691714
0.628319		0.62		0.0784512
0.628319		0.63		0.0898487
0.628319		0.64		0.104045
0.628319		0.65		0.122022
0.628319		0.66		0.14524
0.628319		0.67		0.175944
0.628319		0.68		0.217727
0.628319		0.69		0.276634
0.628319		0.7		0.363489
0.628319		0.71		0.499229
0.628319		0.72		0.728704
0.628319		0.73		1.16197
0.628319		0.74		2.12329
0.628319		0.75		4.77511
0.628319		0.76		11.2673
0.628319		0.77		9.91639
0.628319		0.78		8.86462
0.628319		0.79		4.4139
0.628319		0.8		1.9733
0.628319		0.81		1.08476
0.628319		0.82		0.685463
0.628319		0.83		0.473354
0.628319		0.84		0.347295
0.628319		0.85		0.266292
0.628319		0.86		0.211205
0.628319		0.87		0.172125
0.628319		0.88		0.143509
0.628319		0.89		0.122077
0.628319		0.9		0.105819
0.628319		0.91		0.093497
0.628319		0.92		0.0844201
0.628319		0.93		0.0784028
0.628319		0.94		0.0760045
0.628319		0.95		0.0795418
0.628319		0.96		0.0972278
0.628319		0.97		0.159943
0.628319		0.98		0.254641
0.628319		0.99		0.148398
0.628319		1		0.0951902
0.628319		1.01		0.0872283
0.628319		1.02		0.108292
0.628319		1.03		0.190378
0.628319		1.04		0.414872
0.628319		1.05		0.318262
0.628319		1.06		0.141082
0.628319		1.07		0.0835824
0.628319		1.08		0.0640315
0.628319		1.09		0.0600316
0.628319		1.1		0.0691174
0.628319		1.11		0.103585
0.628319		1.12		0.217459
0.628319		1.13		0.401742
0.628319		1.14		0.205955
0.628319		1.15		0.0930003
0.628319		1.16		0.0548072
0.628319		1.17		0.0389176
0.628319		1.18		0.0313655
0.628319		1.19		0.0281829
0.628319		1.2		0.0291804
0.628319		1.21		0.0392208
0.628319		1.22		0.0643002
0.628319		1.23		0.0443688
0.628319		1.24		0.0266743
0.628319		1.25		0.0210394
0.628319		1.26		0.0194635
0.628319		1.27		0.0201067
0.628319		1.28		0.0232898
0.628319		1.29		0.031569
0.628319		1.3		0.0543916
0.628319		1.31		0.125007
0.628319		1.32		0.171285
0.628319		1.33		0.0757198
0.628319		1.34		0.0381433
0.628319		1.35		0.0256027
0.628319		1.36		0.0213581
0.628319		1.37		0.0216817
0.628319		1.38		0.0278652
0.628319		1.39		0.0496716
0.628319		1.4		0.108592
0.628319		1.41		0.082216
0.628319		1.42		0.0356348
0.628319		1.43		0.0200268
0.628319		1.44		0.0138594
0.628319		1.45		0.0108552
0.628319		1.46		0.00917654
0.628319		1.47		0.00817673
0.628319		1.48		0.00762405
0.628319		1.49		0.00754112
0.628319		1.5		0.0084395
0.628319		1.51		0.0113134
0.628319		1.52		0.00945825
0.628319		1.53		0.00715218
0.628319		1.54		0.00652371
0.628319		1.55		0.00666248
0.628319		1.56		0.00777572
0.628319		1.57		0.0115712
0.628319		1.58		0.0163232
0.628319		1.59		0.0110587
0.628319		1.6		0.00793363
0.628319		1.61		0.00726154
0.628319		1.62		0.00757889
0.628319		1.63		0.00869372
0.628319		1.64		0.0110151
0.628319		1.65		0.0158992
0.628319		1.66		0.0277202
0.628319		1.67		0.0627845
0.628319		1.68		0.133991
0.628319		1.69		0.0784019
0.628319		1.7		0.0329918
0.628319		1.71		0.01822
0.628319		1.72		0.0129624
0.628319		1.73		0.0120765
0.628319		1.74		0.0167494
0.628319		1.75		0.0256263
0.628319		1.76		0.0144126
0.628319		1.77		0.00800036
0.628319		1.78		0.00569821
0.628319		1.79		0.00456607
0.628319		1.8		0.00390885
0.628319		1.81		0.00349567
0.628319		1.82		0.00321058
0.628319		1.83		0.00300267
0.628319		1.84		0.00284678
0.628319		1.85		0.00272982
0.628319		1.86		0.00264565
0.628319		1.87		0.00259346
0.628319		1.88		0.00257877
0.628319		1.89		0.00261833
0.628319		1.9		0.00275605
0.628319		1.91		0.00312001
0.628319		1.92		0.00415521
0.628319		1.93		0.006676
0.628319		1.94		0.00769655
0.628319		1.95		0.00797271
0.628319		1.96		0.00516045
0.628319		1.97		0.00473417
0.628319		1.98		0.00375624
0.628319		1.99		0.00329938
0.628319		2		0.00346713
0.628319		2.01		0.00422059
0.628319		2.02		0.00621099
0.628319		2.03		0.0121049
0.628319		2.04		0.0269458
0.628319		2.05		0.0193975
0.628319		2.06		0.00847982
0.628319		2.07		0.00490272
0.628319		2.08		0.00354778
0.628319		2.09		0.00296999
0.628319		2.1		0.00279639
0.628319		2.11		0.00301511
0.628319		2.12		0.00307914
0.628319		2.13		0.00332087
0.628319		2.14		0.00469472
0.628319		2.15		0.00866754
0.628319		2.16		0.00849641
0.628319		2.17		0.00719508
0.628319		2.18		0.0113868
0.628319		2.19		0.0146485
0.628319		2.2		0.0132173
0.628319		2.21		0.00626141
0.628319		2.22		0.00364849
0.628319		2.23		0.00267271
0.628319		2.24		0.00224576
0.628319		2.25		0.00207411
0.628319		2.26		0.00211245
0.628319		2.27		0.00254424
0.628319		2.28		0.00313917
0.628319		2.29		0.0025468
0.628319		2.3		0.00250764
0.628319		2.31		0.0030634
0.628319		2.32		0.00468816
0.628319		2.33		0.00969881
0.628319		2.34		0.0187472
0.628319		2.35		0.0108512
0.628319		2.36		0.00604549
0.628319		2.37		0.00353765
0.628319		2.38		0.00247369
0.628319		2.39		0.00205437
0.628319		2.4		0.00192544
0.628319		2.41		0.00203325
0.628319		2.42		0.00255091
0.628319		2.43		0.00427963
0.628319		2.44		0.00823808
0.628319		2.45		0.00551689
0.628319		2.46		0.00298563
0.628319		2.47		0.00245677
0.628319		2.48		0.00270757
0.628319		2.49		0.00200079
0.628319		2.5		0.00160272
0.628319		2.51		0.00150714
0.628319		2.52		0.00155292
0.628319		2.53		0.00173324
0.628319		2.54		0.00214307
0.628319		2.55		0.00310928
0.628319		2.56		0.00583684
0.628319		2.57		0.0127873
0.628319		2.58		0.0100281
0.628319		2.59		0.00555122
0.628319		2.6		0.00569439
0.628319		2.61		0.010541
0.628319		2.62		0.0114572
0.628319		2.63		0.00512292
0.628319		2.64		0.00283364
0.628319		2.65		0.00201615
0.628319		2.66		0.00170729
0.628319		2.67		0.00169853
0.628319		2.68		0.00214345
0.628319		2.69		0.00359002
0.628319		2.7		0.0031267
0.628319		2.71		0.00203719
0.628319		2.72		0.00204369
0.628319		2.73		0.00319625
0.628319		2.74		0.00425794
0.628319		2.75		0.00247326
0.628319		2.76		0.00195102
0.628319		2.77		0.00247014
0.628319		2.78		0.00457069
0.628319		2.79		0.00393517
0.628319		2.8		0.00202108
0.628319		2.81		0.00145149
0.628319		2.82		0.00147959
0.628319		2.83		0.00203988
0.628319		2.84		0.0015517
0.628319		2.85		0.00103673
0.628319		2.86		0.000859542
0.628319		2.87		0.000793103
0.628319		2.88		0.000777699
0.628319		2.89		0.000807186
0.628319		2.9		0.000913732
0.628319		2.91		0.00123142
0.628319		2.92		0.00221751
0.628319		2.93		0.00262106
0.628319		2.94		0.00141554
0.628319		2.95		0.000979718
0.628319		2.96		0.000848908
0.628319		2.97		0.000835867
0.628319		2.98		0.000926455
0.628319		2.99		0.00123462
0.628319		3		0.00149491
0.628319		3.01		0.00140107
0.628319		3.02		0.00182738
0.628319		3.03		0.00332915
0.628319		3.04		0.00774304
0.628319		3.05		0.00729201
0.628319		3.06		0.00307923
0.628319		3.07		0.00164205
0.628319		3.08		0.00110614
0.628319		3.09		0.000860422
0.628319		3.1		0.000732059
0.628319		3.11		0.000663435
0.628319		3.12		0.000639094
0.628319		3.13		0.000682721
0.628319		3.14		0.00084161
1.25664		0		2.22111
1.25664		0.01		1.112
1.25664		0.02		0.446548
1.25664		0.03		0.224768
1.25664		0.04		0.133481
1.25664		0.05		0.088369
1.25664		0.06		0.0630633
1.25664		0.07		0.0475371
1.25664		0.08		0.0373631
1.25664		0.09		0.0303547
1.25664		0.1		0.0253351
1.25664		0.11		0.021627
1.25664		0.12		0.0188185
1.25664		0.13		0.0166477
1.25664		0.14		0.0149421
1.25664		0.15		0.013584
1.25664		0.16		0.0124913
1.25664		0.17		0.0116054
1.25664		0.18		0.0108836
1.25664		0.19		0.0102941
1.25664		0.2		0.00981355
1.25664		0.21		0.00942403
1.25664		0.22		0.00911228
1.25664		0.23		0.00886844
1.25664		0.24		0.0086855
1.25664		0.25		0.00855894
1.25664		0.26		0.0084866
1.25664		0.27		0.00846882
1.25664		0.28		0.00850893
1.25664		0.29		0.00861421
1.25664		0.3		0.00879765
1.25664		0.31		0.00908129
1.25664		0.32		0.0095024
1.25664		0.33		0.0101259
1.25664		0.34		0.0110705
1.25664		0.35		0.01257
1.25664		0.36		0.0151321
1.25664		0.37		0.0200159
1.25664		0.38		0.030955
1.25664		0.39		0.0614729
1.25664		0.4		0.14355
1.25664		0.41		0.117237
1.25664		0.42		0.0498751
1.25664		0.43		0.0276168
1.25664		0.44		0.0192891
1.25664		0.45		0.015526
1.25664		0.46		0.013613
1.25664		0.47		0.0125848
1.25664		0.48		0.0120369
1.25664		0.49		0.0117783
1.25664		0.5		0.0117105
1.25664		0.51		0.01178
1.25664		0.52		0.0119569
1.25664		0.53		0.0122246
1.25664		0.54		0.0125752
1.25664		0.55		0.0130065
1.25664		0.56		0.013521
1.25664		0.57		0.0141252
1.25664		0.58		0.0148296
1.25664		0.59		0.0156496
1.25664		0.6		0.0166061
1.25664		0.61		0.0177278
1.25664		0.62		0.0190533
1.25664		0.63		0.020636
1.25664		0.64		0.0225499
1.25664		0.65		0.0249005
1.25664		0.66		0.0278421
1.25664		0.67		0.0316068
1.25664		0.68		0.0365583
1.25664		0.69		0.0432924
1.25664		0.7		0.0528428
1.25664		0.71		0.0671369
1.25664		0.72		0.090124
1.25664		0.73		0.130996
1.25664		0.74		0.215237
1.25664		0.75		0.429148
1.25664		0.76		0.950757
1.25664		0.77		1.21433
1.25664		0.78		1.74671
1.25664		0.79		0.890333
1.25664		0.8		0.379554
1.25664		0.81		0.20547
1.25664		0.82		0.132471
1.25664		0.83		0.0961014
1.25664		0.84		0.0758434
1.25664		0.85		0.0637635
1.25664		0.86		0.0563127
1.25664		0.87		0.0517288
1.25664		0.88		0.0490731
1.25664		0.89		0.047828
1.25664		0.9		0.0477168
1.25664		0.91		0.0486226
1.25664		0.92		0.0505634
1.25664		0.93		0.0537203
1.25664		0.94		0.0585611
1.25664		0.95		0.0662514
1.25664		0.96		0.0802177
1.25664		0.97		0.112323
1.25664		0.98		0.159138
1.25664		0.99		0.139151
1.25664		1		0.149126
1.25664		1.01		0.199201
1.25664		1.02		0.322118
1.25664		1.03		0.669836
1.25664		1.04		1.57087
1.25664		1.05		1.20405
1.25664		1.06		0.51699
1.25664		1.07		0.297515
1.25664		1.08		0.222006
1.25664		1.09		0.196786
1.25664		1.1		0.196303
1.25664		1.11		0.21614
1.25664		1.12		0.269978
1.25664		1.13		0.356168
1.25664		1.14		0.346982
1.25664		1.15		0.384771
1.25664		1.16		0.481347
1.25664		1.17		0.650047
1.25664		1.18		0.950595
1.25664		1.19		1.54531
1.25664		1.2		2.93977
1.25664		1.21		7.00929
1.25664		1.22		15.8777
1.25664		1.23		9.54154
1.25664		1.24		3.80775
1.25664		1.25		1.95003
1.25664		1.26		1.24904
1.25664		1.27		0.970355
1.25664		1.28		0.922203
1.25664		1.29		1.11708
1.25664		1.3		1.84481
1.25664		1.31		4.22241
1.25664		1.32		5.78715
1.25664		1.33		2.53573
1.25664		1.34		1.27157
1.25664		1.35		0.87721
1.25664		1.36		0.794928
1.25664		1.37		0.930214
1.25664		1.38		1.42578
1.25664		1.39		2.97566
1.25664		1.4		7.07039
1.25664		1.41		5.28019
1.25664		1.42		2.09283
1.25664		1.43		1.03634
1.25664		1.44		0.627932
1.25664		1.45		0.435551
1.25664		1.46		0.332645
1.25664		1.47		0.273994
1.25664		1.48		0.241065
1.25664		1.49		0.226275
1.25664		1.5		0.228876
1.25664		1.51		0.253467
1.25664		1.52		0.278819
1.25664		1.53		0.333533
1.25664		1.54		0.455065
1.25664		1.55		0.719412
1.25664		1.56		1.38839
1.25664		1.57		3.39507
1.25664		1.58		6.00273
1.25664		1.59		3.15541
1.25664		1.6		1.29427
1.25664		1.61		0.669046
1.25664		1.62		0.412843
1.25664		1.63		0.287881
1.25664		1.64		0.221073
1.25664		1.65		0.186994
1.25664		1.66		0.181125
1.25664		1.67		0.225252
1.25664		1.68		0.376079
1.25664		1.69		0.36956
1.25664		1.7		0.200209
1.25664		1.71		0.144911
1.25664		1.72		0.143146
1.25664		1.73		0.19247
1.25664		1.74		0.375817
1.25664		1.75		0.670318
1.25664		1.76		0.351942
1.25664		1.77		0.180437
1.25664		1.78		0.143457
1.25664		1.79		0.0989518
1.25664		1.8		0.0675412
1.25664		1.81		0.0535424
1.25664		1.82		0.0460373
1.25664		1.83		0.0415625
1.25664		1.84		0.0388785
1.25664		1.85		0.037497
1.25664		1.86		0.0372802
1.25664		1.87		0.0383416
1.25664		1.88		0.0410952
1.25664		1.89		0.0464868
1.25664		1.9		0.0566704
1.25664		1.91		0.0771661
1.25664		1.92		0.124913
1.25664		1.93		0.24202
1.25664		1.94		0.452001
1.25664		1.95		0.626657
1.25664		1.96		0.412167
1.25664		1.97		0.442381
1.25664		1.98		0.248586
1.25664		1.99		0.118093
1.25664		2		0.0711072
1.25664		2.01		0.0503285
1.25664		2.02		0.0395261
1.25664		2.03		0.0335393
1.25664		2.04		0.0305746
1.25664		2.05		0.0282219
1.25664		2.06		0.0270085
1.25664		2.07		0.0277024
1.25664		2.08		0.0308539
1.25664		2.09		0.0390693
1.25664		2.1		0.0620064
1.25664		2.11		0.120629
1.25664		2.12		0.10756
1.25664		2.13		0.0852538
1.25664		2.14		0.125361
1.25664		2.15		0.275313
1.25664		2.16		0.276102
1.25664		2.17		0.133323
1.25664		2.18		0.106268
1.25664		2.19		0.165483
1.25664		2.2		0.280363
1.25664		2.21		0.144143
1.25664		2.22		0.0668377
1.25664		2.23		0.0401995
1.25664		2.24		0.0289532
1.25664		2.25		0.0236612
1.25664		2.26		0.0217336
1.25664		2.27		0.023516
1.25664		2.28		0.0293053
1.25664		2.29		0.040536
1.25664		2.3		0.0644316
1.25664		2.31		0.038361
1.25664		2.32		0.0230158
1.25664		2.33		0.0190062
1.25664		2.34		0.0199694
1.25664		2.35		0.0272765
1.25664		2.36		0.0525989
1.25664		2.37		0.0825728
1.25664		2.38		0.0423434
1.25664		2.39		0.0240665
1.25664		2.4		0.019141
1.25664		2.41		0.0197477
1.25664		2.42		0.0266635
1.25664		2.43		0.0487287
1.25664		2.44		0.0625545
1.25664		2.45		0.0770046
1.25664		2.46		0.124664
1.25664		2.47		0.0642326
1.25664		2.48		0.0300995
1.25664		2.49		0.0186465
1.25664		2.5		0.0143273
1.25664		2.51		0.013625
1.25664		2.52		0.0178346
1.25664		2.53		0.0205053
1.25664		2.54		0.0124859
1.25664		2.55		0.00936265
1.25664		2.56		0.00851703
1.25664		2.57		0.00881694
1.25664		2.58		0.0105279
1.25664		2.59		0.0156665
1.25664		2.6		0.0320367
1.25664		2.61		0.051263
1.25664		2.62		0.0252706
1.25664		2.63		0.0130599
1.25664		2.64		0.00895003
1.25664		2.65		0.00733571
1.25664		2.66		0.00677017
1.25664		2.67		0.00694124
1.25664		2.68		0.00817158
1.25664		2.69		0.0121849
1.25664		2.7		0.021937
1.25664		2.71		0.0192998
1.25664		2.72		0.0209069
1.25664		2.73		0.0373491
1.25664		2.74		0.0256107
1.25664		2.75		0.012789
1.25664		2.76		0.00931829
1.25664		2.77		0.0104706
1.25664		2.78		0.0152749
1.25664		2.79		0.00979237
1.25664		2.8		0.00593462
1.25664		2.81		0.00454631
1.25664		2.82		0.00392549
1.25664		2.83		0.00360689
1.25664		2.84		0.00345642
1.25664		2.85		0.00346065
1.25664		2.86		0.00374451
1.25664		2.87		0.00478044
1.25664		2.88		0.00521346
1.25664		2.89		0.0042909
1.25664		2.9		0.00451527
1.25664		2.91		0.00609883
1.25664		2.92		0.0114126
1.25664		2.93		0.0188585
1.25664		2.94		0.010042
1.25664		2.95		0.00553882
1.25664		2.96		0.00418334
1.25664		2.97		0.00415768
1.25664		2.98		0.00499975
1.25664		2.99		0.00372622
1.25664		3		0.00289638
1.25664		3.01		0.00261175
1.25664		3.02		0.00253934
1.25664		3.03		0.00263971
1.25664		3.04		0.00307752
1.25664		3.05		0.00456275
1.25664		3.06		0.00647657
1.25664		3.07		0.00407679
1.25664		3.08		0.00296841
1.25664		3.09		0.00275674
1.25664		3.1		0.00307025
1.25664		3.11		0.00441775
1.25664		3.12		0.00808548
1.25664		3.13		0.0063419
1.25664		3.14		0.00348131
1.88496		0		3.03565
1.88496		0.01		1.52031
1.88496		0.02		0.61115
1.88496		0.03		0.308162
1.88496		0.04		0.183462
1.88496		0.05		0.121851
1.88496		0.06		0.0873025
1.88496		0.07		0.0661159
1.88496		0.08		0.0522429
1.88496		0.09		0.042696
1.88496		0.1		0.0358675
1.88496		0.11		0.030832
1.88496		0.12		0.0270267
1.88496		0.13		0.024094
1.88496		0.14		0.0217981
1.88496		0.15		0.0199785
1.88496		0.16		0.0185231
1.88496		0.17		0.0173516
1.88496		0.18		0.0164059
1.88496		0.19		0.0156427
1.88496		0.2		0.0150299
1.88496		0.21		0.0145433
1.88496		0.22		0.0141647
1.88496		0.23		0.0138808
1.88496		0.24		0.0136818
1.88496		0.25		0.0135615
1.88496		0.26		0.0135169
1.88496		0.27		0.0135481
1.88496		0.28		0.0136592
1.88496		0.29		0.0138595
1.88496		0.3		0.0141653
1.88496		0.31		0.0146047
1.88496		0.32		0.0152252
1.88496		0.33		0.0161091
1.88496		0.34		0.0174071
1.88496		0.35		0.0194156
1.88496		0.36		0.0227776
1.88496		0.37		0.0290874
1.88496		0.38		0.0430713
1.88496		0.39		0.0818469
1.88496		0.4		0.185893
1.88496		0.41		0.152761
1.88496		0.42		0.067689
1.88496		0.43		0.0397195
1.88496		0.44		0.0293988
1.88496		0.45		0.0248745
1.88496		0.46		0.0227129
1.88496		0.47		0.0216948
1.88496		0.48		0.0213112
1.88496		0.49		0.0213238
1.88496		0.5		0.0216121
1.88496		0.51		0.0221133
1.88496		0.52		0.0227953
1.88496		0.53		0.0236444
1.88496		0.54		0.0246592
1.88496		0.55		0.0258477
1.88496		0.56		0.0272262
1.88496		0.57		0.0288194
1.88496		0.58		0.030662
1.88496		0.59		0.0328004
1.88496		0.6		0.0352968
1.88496		0.61		0.0382347
1.88496		0.62		0.0417271
1.88496		0.63		0.0459299
1.88496		0.64		0.0510621
1.88496		0.65		0.0574395
1.88496		0.66		0.0655307
1.88496		0.67		0.0760561
1.88496		0.68		0.0901692
1.88496		0.69		0.109815
1.88496		0.7		0.13848
1.88496		0.71		0.182933
1.88496		0.72		0.257733
1.88496		0.73		0.39878
1.88496		0.74		0.712442
1.88496		0.75		1.58196
1.88496		0.76		3.70897
1.88496		0.77		3.1254
1.88496		0.78		2.54543
1.88496		0.79		1.28407
1.88496		0.8		0.609869
1.88496		0.81		0.362178
1.88496		0.82		0.2512
1.88496		0.83		0.193668
1.88496		0.84		0.161363
1.88496		0.85		0.142783
1.88496		0.86		0.132598
1.88496		0.87		0.128139
1.88496		0.88		0.128049
1.88496		0.89		0.131704
1.88496		0.9		0.138962
1.88496		0.91		0.150073
1.88496		0.92		0.165687
1.88496		0.93		0.186954
1.88496		0.94		0.215744
1.88496		0.95		0.255073
1.88496		0.96		0.309913
1.88496		0.97		0.388826
1.88496		0.98		0.507321
1.88496		0.99		0.69564
1.88496		1		1.02069
1.88496		1.01		1.64862
1.88496		1.02		3.07656
1.88496		1.03		7.11692
1.88496		1.04		17.6325
1.88496		1.05		13.2547
1.88496		1.06		5.10143
1.88496		1.07		2.41302
1.88496		1.08		1.38526
1.88496		1.09		0.906915
1.88496		1.1		0.654066
1.88496		1.11		0.513982
1.88496		1.12		0.451496
1.88496		1.13		0.441842
1.88496		1.14		0.362811
1.88496		1.15		0.324644
1.88496		1.16		0.326098
1.88496		1.17		0.361363
1.88496		1.18		0.446943
1.88496		1.19		0.636117
1.88496		1.2		1.09932
1.88496		1.21		2.47179
1.88496		1.22		5.47326
1.88496		1.23		3.32084
1.88496		1.24		1.37413
1.88496		1.25		0.743175
1.88496		1.26		0.506114
1.88496		1.27		0.414455
1.88496		1.28		0.404455
1.88496		1.29		0.483841
1.88496		1.3		0.7624
1.88496		1.31		1.65836
1.88496		1.32		2.25332
1.88496		1.33		1.05415
1.88496		1.34		0.604184
1.88496		1.35		0.491717
1.88496		1.36		0.520536
1.88496		1.37		0.68533
1.88496		1.38		1.12909
1.88496		1.39		2.43812
1.88496		1.4		5.85497
1.88496		1.41		4.38078
1.88496		1.42		1.74423
1.88496		1.43		0.876429
1.88496		1.44		0.546524
1.88496		1.45		0.39626
1.88496		1.46		0.321109
1.88496		1.47		0.284196
1.88496		1.48		0.27102
1.88496		1.49		0.276504
1.88496		1.5		0.301554
1.88496		1.51		0.352663
1.88496		1.52		0.429636
1.88496		1.53		0.56688
1.88496		1.54		0.832776
1.88496		1.55		1.40658
1.88496		1.56		2.90784
1.88496		1.57		7.45704
1.88496		1.58		9.89592
1.88496		1.59		4.04768
1.88496		1.6		1.79818
1.88496		1.61		1.00959
1.88496		1.62		0.670276
1.88496		1.63		0.503325
1.88496		1.64		0.417208
1.88496		1.65		0.37677
1.88496		1.66		0.368491
1.88496		1.67		0.391028
1.88496		1.68		0.450297
1.88496		1.69		0.53185
1.88496		1.7		0.68413
1.88496		1.71		0.981977
1.88496		1.72		1.60449
1.88496		1.73		3.1411
1.88496		1.74		7.78209
1.88496		1.75		15.0301
1.88496		1.76		7.35322
1.88496		1.77		3.05599
1.88496		1.78		1.70806
1.88496		1.79		1.03141
1.88496		1.8		0.658662
1.88496		1.81		0.465255
1.88496		1.82		0.351228
1.88496		1.83		0.27795
1.88496		1.84		0.228138
1.88496		1.85		0.192997
1.88496		1.86		0.167669
1.88496		1.87		0.149362
1.88496		1.88		0.136508
1.88496		1.89		0.128428
1.88496		1.9		0.125374
1.88496		1.91		0.129174
1.88496		1.92		0.145666
1.88496		1.93		0.194252
1.88496		1.94		0.342703
1.88496		1.95		0.553712
1.88496		1.96		0.430154
1.88496		1.97		0.403084
1.88496		1.98		0.255389
1.88496		1.99		0.164101
1.88496		2		0.135445
1.88496		2.01		0.12865
1.88496		2.02		0.132974
1.88496		2.03		0.146539
1.88496		2.04		0.171322
1.88496		2.05		0.207591
1.88496		2.06		0.267879
1.88496		2.07		0.375812
1.88496		2.08		0.586583
1.88496		2.09		1.06784
1.88496		2.1		2.43233
1.88496		2.11		5.90068
1.88496		2.12		4.32083
1.88496		2.13		1.79729
1.88496		2.14		1.13502
1.88496		2.15		1.36195
1.88496		2.16		1.20668
1.88496		2.17		0.568211
1.88496		2.18		0.329427
1.88496		2.19		0.234793
1.88496		2.2		0.189475
1.88496		2.21		0.151245
1.88496		2.22		0.131981
1.88496		2.23		0.126076
1.88496		2.24		0.133613
1.88496		2.25		0.165308
1.88496		2.26		0.264513
1.88496		2.27		0.536011
1.88496		2.28		0.494649
1.88496		2.29		0.409155
1.88496		2.3		0.453371
1.88496		2.31		0.268241
1.88496		2.32		0.211354
1.88496		2.33		0.234358
1.88496		2.34		0.336097
1.88496		2.35		0.624846
1.88496		2.36		1.50315
1.88496		2.37		2.29671
1.88496		2.38		1.37805
1.88496		2.39		0.585137
1.88496		2.4		0.310764
1.88496		2.41		0.208653
1.88496		2.42		0.175932
1.88496		2.43		0.202787
1.88496		2.44		0.359272
1.88496		2.45		0.473239
1.88496		2.46		0.225561
1.88496		2.47		0.126087
1.88496		2.48		0.0968047
1.88496		2.49		0.104823
1.88496		2.5		0.124888
1.88496		2.51		0.0951088
1.88496		2.52		0.105779
1.88496		2.53		0.192237
1.88496		2.54		0.29938
1.88496		2.55		0.14789
1.88496		2.56		0.0765169
1.88496		2.57		0.0530356
1.88496		2.58		0.0463651
1.88496		2.59		0.0530789
1.88496		2.6		0.0885799
1.88496		2.61		0.103781
1.88496		2.62		0.0529449
1.88496		2.63		0.0332957
1.88496		2.64		0.0260534
1.88496		2.65		0.0230298
1.88496		2.66		0.0221997
1.88496		2.67		0.0234903
1.88496		2.68		0.0286666
1.88496		2.69		0.0449999
1.88496		2.7		0.092938
1.88496		2.71		0.0886098
1.88496		2.72		0.0484345
1.88496		2.73		0.0462838
1.88496		2.74		0.035586
1.88496		2.75		0.0228918
1.88496		2.76		0.019638
1.88496		2.77		0.0228216
1.88496		2.78		0.0356405
1.88496		2.79		0.0276931
1.88496		2.8		0.0164432
1.88496		2.81		0.0124436
1.88496		2.82		0.0106872
1.88496		2.83		0.00972616
1.88496		2.84		0.00912875
1.88496		2.85		0.00874195
1.88496		2.86		0.00851191
1.88496		2.87		0.0084374
1.88496		2.88		0.00857082
1.88496		2.89		0.0090686
1.88496		2.9		0.0103829
1.88496		2.91		0.0140493
1.88496		2.92		0.0250061
1.88496		2.93		0.0314129
1.88496		2.94		0.0292561
1.88496		2.95		0.0190674
1.88496		2.96		0.011423
1.88496		2.97		0.00869999
1.88496		2.98		0.00752701
1.88496		2.99		0.0069517
1.88496		3		0.00669791
1.88496		3.01		0.00672821
1.88496		3.02		0.00724974
1.88496		3.03		0.00912991
1.88496		3.04		0.0108202
1.88496		3.05		0.0088733
1.88496		3.06		0.00929346
1.88496		3.07		0.0129577
1.88496		3.08		0.0250233
1.88496		3.09		0.0299062
1.88496		3.1		0.0156161
1.88496		3.11		0.0114054
1.88496		3.12		0.013296
1.88496		3.13		0.0221104
1.88496		3.14		0.016484
2.51327		0		7.0461
2.51327		0.01		3.54417
2.51327		0.02		1.44386
2.51327		0.03		0.745192
2.51327		0.04		0.458896
2.51327		0.05		0.318642
2.51327		0.06		0.241156
2.51327		0.07		0.194789
2.51327		0.08		0.165584
2.51327		0.09		0.146667
2.51327		0.1		0.13436
2.51327		0.11		0.126568
2.51327		0.12		0.122044
2.51327		0.13		0.120023
2.51327		0.14		0.120037
2.51327		0.15		0.121805
2.51327		0.16		0.125177
2.51327		0.17		0.130101
2.51327		0.18		0.136607
2.51327		0.19		0.144799
2.51327		0.2		0.154855
2.51327		0.21		0.167041
2.51327		0.22		0.181726
2.51327		0.23		0.19941
2.51327		0.24		0.220768
2.51327		0.25		0.246715
2.51327		0.26		0.278507
2.51327		0.27		0.31789
2.51327		0.28		0.367345
2.51327		0.29		0.430484
2.51327		0.3		0.512719
2.51327		0.31		0.622445
2.51327		0.32		0.773236
2.51327		0.33		0.988182
2.51327		0.34		1.30907
2.51327		0.35		1.81771
2.51327		0.36		2.69135
2.51327		0.37		4.36922
2.51327		0.38		8.15346
2.51327		0.39		18.7602
2.51327		0.4		47.3424
2.51327		0.41		38.1189
2.51327		0.42		14.5745
2.51327		0.43		6.75361
2.51327		0.44		3.7846
2.51327		0.45		2.40086
2.51327		0.46		1.65526
2.51327		0.47		1.21062
2.51327		0.48		0.925193
2.51327		0.49		0.731549
2.51327		0.5		0.594416
2.51327		0.51		0.49395
2.51327		0.52		0.418309
2.51327		0.53		0.360085
2.51327		0.54		0.314456
2.51327		0.55		0.278182
2.51327		0.56		0.249025
2.51327		0.57		0.225408
2.51327		0.58		0.2062
2.51327		0.59		0.190584
2.51327		0.6		0.177973
2.51327		0.61		0.16795
2.51327		0.62		0.16024
2.51327		0.63		0.154692
2.51327		0.64		0.151275
2.51327		0.65		0.150098
2.51327		0.66		0.151447
2.51327		0.67		0.155864
2.51327		0.68		0.164303
2.51327		0.69		0.178427
2.51327		0.7		0.201242
2.51327		0.71		0.238517
2.51327		0.72		0.302386
2.51327		0.73		0.421853
2.51327		0.74		0.679774
2.51327		0.75		1.36475
2.51327		0.76		3.04157
2.51327		0.77		3.31703
2.51327		0.78		4.08207
2.51327		0.79		2.09067
2.51327		0.8		0.929149
2.51327		0.81		0.526029
2.51327		0.82		0.353677
2.51327		0.83		0.266376
2.51327		0.84		0.217156
2.51327		0.85		0.187661
2.51327		0.86		0.169636
2.51327		0.87		0.159007
2.51327		0.88		0.153681
2.51327		0.89		0.152644
2.51327		0.9		0.155602
2.51327		0.91		0.162922
2.51327		0.92		0.175854
2.51327		0.93		0.197293
2.51327		0.94		0.233982
2.51327		0.95		0.303691
2.51327		0.96		0.463242
2.51327		0.97		0.921274
2.51327		0.98		1.59097
2.51327		0.99		0.908156
2.51327		1		0.577597
2.51327		1.01		0.542471
2.51327		1.02		0.677298
2.51327		1.03		1.13148
2.51327		1.04		2.30999
2.51327		1.05		1.91858
2.51327		1.06		1.16447
2.51327		1.07		1.06717
2.51327		1.08		1.27306
2.51327		1.09		1.7894
2.51327		1.1		2.91662
2.51327		1.11		5.7198
2.51327		1.12		14.192
2.51327		1.13		27.7155
2.51327		1.14		13.6275
2.51327		1.15		5.51943
2.51327		1.16		2.80947
2.51327		1.17		1.68984
2.51327		1.18		1.13622
2.51327		1.19		0.826984
2.51327		1.2		0.639605
2.51327		1.21		0.520182
2.51327		1.22		0.44252
2.51327		1.23		0.392572
2.51327		1.24		0.364227
2.51327		1.25		0.355649
2.51327		1.26		0.369517
2.51327		1.27		0.416166
2.51327		1.28		0.523513
2.51327		1.29		0.771787
2.51327		1.3		1.43588
2.51327		1.31		3.47536
2.51327		1.32		4.81021
2.51327		1.33		2.05106
2.51327		1.34		0.957982
2.51327		1.35		0.576053
2.51327		1.36		0.412096
2.51327		1.37		0.33217
2.51327		1.38		0.293946
2.51327		1.39		0.288089
2.51327		1.4		0.324123
2.51327		1.41		0.300558
2.51327		1.42		0.267735
2.51327		1.43		0.265992
2.51327		1.44		0.27833
2.51327		1.45		0.300667
2.51327		1.46		0.333322
2.51327		1.47		0.378829
2.51327		1.48		0.442277
2.51327		1.49		0.533837
2.51327		1.5		0.678024
2.51327		1.51		0.917897
2.51327		1.52		1.12853
2.51327		1.53		1.47997
2.51327		1.54		2.17426
2.51327		1.55		3.57809
2.51327		1.56		6.90144
2.51327		1.57		16.6398
2.51327		1.58		37.3359
2.51327		1.59		22.225
2.51327		1.6		8.70903
2.51327		1.61		4.27133
2.51327		1.62		2.51455
2.51327		1.63		1.68308
2.51327		1.64		1.25205
2.51327		1.65		1.04352
2.51327		1.66		1.02735
2.51327		1.67		1.3543
2.51327		1.68		2.57464
2.51327		1.69		2.91448
2.51327		1.7		1.32644
2.51327		1.71		0.719846
2.51327		1.72		0.493452
2.51327		1.73		0.398913
2.51327		1.74		0.390392
2.51327		1.75		0.44215
2.51327		1.76		0.365167
2.51327		1.77		0.40673
2.51327		1.78		0.626864
2.51327		1.79		0.437625
2.51327		1.8		0.255786
2.51327		1.81		0.191319
2.51327		1.82		0.163402
2.51327		1.83		0.14956
2.51327		1.84		0.143148
2.51327		1.85		0.142074
2.51327		1.86		0.146119
2.51327		1.87		0.156411
2.51327		1.88		0.17591
2.51327		1.89		0.211276
2.51327		1.9		0.278668
2.51327		1.91		0.424296
2.51327		1.92		0.808488
2.51327		1.93		1.71422
2.51327		1.94		1.95896
2.51327		1.95		2.04069
2.51327		1.96		1.50041
2.51327		1.97		1.97016
2.51327		1.98		1.12754
2.51327		1.99		0.539022
2.51327		2		0.336842
2.51327		2.01		0.256521
2.51327		2.02		0.226663
2.51327		2.03		0.232684
2.51327		2.04		0.282933
2.51327		2.05		0.285976
2.51327		2.06		0.304386
2.51327		2.07		0.390757
2.51327		2.08		0.582764
2.51327		2.09		1.03675
2.51327		2.1		2.3403
2.51327		2.11		5.67469
2.51327		2.12		4.13378
2.51327		2.13		1.61997
2.51327		2.14		0.795342
2.51327		2.15		0.484401
2.51327		2.16		0.344177
2.51327		2.17		0.282871
2.51327		2.18		0.289733
2.51327		2.19		0.427724
2.51327		2.2		0.640786
2.51327		2.21		0.360608
2.51327		2.22		0.220156
2.51327		2.23		0.182521
2.51327		2.24		0.190131
2.51327		2.25		0.249493
2.51327		2.26		0.442514
2.51327		2.27		0.984044
2.51327		2.28		0.857481
2.51327		2.29		0.462251
2.51327		2.3		0.469606
2.51327		2.31		0.363134
2.51327		2.32		0.236836
2.51327		2.33		0.222424
2.51327		2.34		0.28195
2.51327		2.35		0.476801
2.51327		2.36		1.09797
2.51327		2.37		1.95151
2.51327		2.38		0.937638
2.51327		2.39		0.424707
2.51327		2.4		0.265009
2.51327		2.41		0.22959
2.51327		2.42		0.300645
2.51327		2.43		0.507486
2.51327		2.44		0.567052
2.51327		2.45		0.440072
2.51327		2.46		0.208813
2.51327		2.47		0.128189
2.51327		2.48		0.0988815
2.51327		2.49		0.0902567
2.51327		2.5		0.0968662
2.51327		2.51		0.127232
2.51327		2.52		0.222189
2.51327		2.53		0.513165
2.51327		2.54		0.555514
2.51327		2.55		0.235304
2.51327		2.56		0.122039
2.51327		2.57		0.0816059
2.51327		2.58		0.065658
2.51327		2.59		0.0638523
2.51327		2.6		0.0754408
2.51327		2.61		0.0628158
2.51327		2.62		0.0539605
2.51327		2.63		0.0552873
2.51327		2.64		0.0636494
2.51327		2.65		0.082309
2.51327		2.66		0.124293
2.51327		2.67		0.233083
2.51327		2.68		0.41252
2.51327		2.69		0.712866
2.51327		2.7		1.00507
2.51327		2.71		0.434632
2.51327		2.72		0.195507
2.51327		2.73		0.112992
2.51327		2.74		0.0804353
2.51327		2.75		0.0744761
2.51327		2.76		0.0875986
2.51327		2.77		0.0583957
2.51327		2.78		0.0388533
2.51327		2.79		0.0306735
2.51327		2.8		0.0264231
2.51327		2.81		0.024063
2.51327		2.82		0.0233031
2.51327		2.83		0.025255
2.51327		2.84		0.0248982
2.51327		2.85		0.0211404
2.51327		2.86		0.0200634
2.51327		2.87		0.0204122
2.51327		2.88		0.022254
2.51327		2.89		0.0275031
2.51327		2.9		0.0394177
2.51327		2.91		0.0368479
2.51327		2.92		0.0358005
2.51327		2.93		0.0444551
2.51327		2.94		0.0663479
2.51327		2.95		0.122679
2.51327		2.96		0.294817
2.51327		2.97		0.536151
2.51327		2.98		0.255062
2.51327		2.99		0.108736
2.51327		3		0.0593419
2.51327		3.01		0.0387041
2.51327		3.02		0.0286405
2.51327		3.03		0.0239263
2.51327		3.04		0.0218235
2.51327		3.05		0.0173151
2.51327		3.06		0.0146092
2.51327		3.07		0.0130909
2.51327		3.08		0.0121885
2.51327		3.09		0.0118025
2.51327		3.1		0.0121801
2.51327		3.11		0.0144897
2.51327		3.12		0.0224045
2.51327		3.13		0.0226519
2.51327		3.14		0.0136849
3.14159		0		0.0186203
3.14159		0.01		0.019227
3.14159		0.02		0.0198712
3.14159		0.03		0.0205564
3.14159		0.04		0.0212867
3.14159		0.05		0.0220667
3.14159		0.06		0.0229017
3.14159		0.07		0.0237978
3.14159		0.08		0.024762
3.14159		0.09		0.0258024
3.14159		0.1		0.0269283
3.14159		0.11		0.0281507
3.14159		0.12		0.0294825
3.14159		0.13		0.0309389
3.14159		0.14		0.0325378
3.14159		0.15		0.0343011
3.14159		0.16		0.0362546
3.14159		0.17		0.03843
3.14159		0.18		0.040866
3.14159		0.19		0.0436105
3.14159		0.2		0.0467231
3.14159		0.21		0.0502791
3.14159		0.22		0.0543746
3.14159		0.23		0.0591335
3.14159		0.24		0.0647186
3.14159		0.25		0.0713465
3.14159		0.26		0.0793106
3.14159		0.27		0.0890168
3.14159		0.28		0.101039
3.14159		0.29		0.116211
3.14159		0.3		0.135779
3.14159		0.31		0.161674
3.14159		0.32		0.197018
3.14159		0.33		0.247118
3.14159		0.34		0.321575
3.14159		0.35		0.439187
3.14159		0.36		0.64067
3.14159		0.37		1.02693
3.14159		0.38		1.89709
3.14159		0.39		4.33456
3.14159		0.4		10.9013
3.14159		0.41		8.78349
3.14159		0.42		3.37592
3.14159		0.43		1.58037
3.14159		0.44		0.899446
3.14159		0.45		0.582742
3.14159		0.46		0.412691
3.14159		0.47		0.311839
3.14159		0.48		0.247634
3.14159		0.49		0.204588
3.14159		0.5		0.174606
3.14159		0.51		0.153134
3.14159		0.52		0.13746
3.14159		0.53		0.12589
3.14159		0.54		0.117323
3.14159		0.55		0.111024
3.14159		0.56		0.106488
3.14159		0.57		0.103362
3.14159		0.58		0.101396
3.14159		0.59		0.100411
3.14159		0.6		0.100282
3.14159		0.61		0.10092
3.14159		0.62		0.102268
3.14159		0.63		0.10429
3.14159		0.64		0.106972
3.14159		0.65		0.110315
3.14159		0.66		0.114337
3.14159		0.67		0.119071
3.14159		0.68		0.124567
3.14159		0.69		0.13089
3.14159		0.7		0.138124
3.14159		0.71		0.146376
3.14159		0.72		0.155779
3.14159		0.73		0.166495
3.14159		0.74		0.178726
3.14159		0.75		0.19272
3.14159		0.76		0.208788
3.14159		0.77		0.227316
3.14159		0.78		0.248793
3.14159		0.79		0.273838
3.14159		0.8		0.303252
3.14159		0.81		0.338076
3.14159		0.82		0.379686
3.14159		0.83		0.429931
3.14159		0.84		0.49134
3.14159		0.85		0.567444
3.14159		0.86		0.663295
3.14159		0.87		0.786314
3.14159		0.88		0.947765
3.14159		0.89		1.1654
3.14159		0.9		1.46849
3.14159		0.91		1.90804
3.14159		0.92		2.57919
3.14159		0.93		3.67563
3.14159		0.94		5.63918
3.14159		0.95		9.64295
3.14159		0.96		19.4826
3.14159		0.97		49.1963
3.14159		0.98		92.7617
3.14159		0.99		44.0264
3.14159		1		17.8378
3.14159		1.01		9.04247
3.14159		1.02		5.38519
3.14159		1.03		3.57693
3.14159		1.04		2.58826
3.14159		1.05		1.95012
3.14159		1.06		1.5232
3.14159		1.07		1.25364
3.14159		1.08		1.08981
3.14159		1.09		1.02003
3.14159		1.1		1.07805
3.14159		1.11		1.41862
3.14159		1.12		2.64978
3.14159		1.13		4.67198
3.14159		1.14		2.45556
3.14159		1.15		1.16749
3.14159		1.16		0.716492
3.14159		1.17		0.515287
3.14159		1.18		0.405236
3.14159		1.19		0.33605
3.14159		1.2		0.288234
3.14159		1.21		0.252946
3.14159		1.22		0.225669
3.14159		1.23		0.203865
3.14159		1.24		0.186002
3.14159		1.25		0.171095
3.14159		1.26		0.15848
3.14159		1.27		0.147693
3.14159		1.28		0.138395
3.14159		1.29		0.130336
3.14159		1.3		0.123326
3.14159		1.31		0.117217
3.14159		1.32		0.111897
3.14159		1.33		0.107275
3.14159		1.34		0.103283
3.14159		1.35		0.099865
3.14159		1.36		0.0969828
3.14159		1.37		0.0946079
3.14159		1.38		0.0927232
3.14159		1.39		0.0913228
3.14159		1.4		0.0904119
3.14159		1.41		0.0900082
3.14159		1.42		0.0901441
3.14159		1.43		0.09087
3.14159		1.44		0.0922596
3.14159		1.45		0.0944183
3.14159		1.46		0.0974961
3.14159		1.47		0.101709
3.14159		1.48		0.107372
3.14159		1.49		0.114965
3.14159		1.5		0.125242
3.14159		1.51		0.139455
3.14159		1.52		0.159837
3.14159		1.53		0.19072
3.14159		1.54		0.241546
3.14159		1.55		0.336238
3.14159		1.56		0.548678
3.14159		1.57		1.14895
3.14159		1.58		2.35392
3.14159		1.59		1.491
3.14159		1.6		0.756998
3.14159		1.61		0.56197
3.14159		1.62		0.549699
3.14159		1.63		0.640425
3.14159		1.64		0.848035
3.14159		1.65		1.26697
3.14159		1.66		2.18898
3.14159		1.67		4.63286
3.14159		1.68		12.0173
3.14159		1.69		15.1304
3.14159		1.7		6.04349
3.14159		1.71		2.64925
3.14159		1.72		1.44293
3.14159		1.73		0.913009
3.14159		1.74		0.644595
3.14159		1.75		0.502725
3.14159		1.76		0.4476
3.14159		1.77		0.515203
3.14159		1.78		0.77386
3.14159		1.79		0.536927
3.14159		1.8		0.310577
3.14159		1.81		0.227743
3.14159		1.82		0.190886
3.14159		1.83		0.172751
3.14159		1.84		0.165331
3.14159		1.85		0.166405
3.14159		1.86		0.176512
3.14159		1.87		0.198786
3.14159		1.88		0.240702
3.14159		1.89		0.3196
3.14159		1.9		0.480146
3.14159		1.91		0.859564
3.14159		1.92		1.96472
3.14159		1.93		4.53459
3.14159		1.94		2.92316
3.14159		1.95		1.20078
3.14159		1.96		0.702739
3.14159		1.97		0.628622
3.14159		1.98		0.393369
3.14159		1.99		0.238024
3.14159		2		0.170159
3.14159		2.01		0.133907
3.14159		2.02		0.11182
3.14159		2.03		0.0974294
3.14159		2.04		0.0878714
3.14159		2.05		0.0818017
3.14159		2.06		0.0787509
3.14159		2.07		0.0790951
3.14159		2.08		0.0847809
3.14159		2.09		0.102449
3.14159		2.1		0.157008
3.14159		2.11		0.298223
3.14159		2.12		0.233054
3.14159		2.13		0.128685
3.14159		2.14		0.0965998
3.14159		2.15		0.0873169
3.14159		2.16		0.0868715
3.14159		2.17		0.0916298
3.14159		2.18		0.100992
3.14159		2.19		0.115815
3.14159		2.2		0.138353
3.14159		2.21		0.173088
3.14159		2.22		0.229005
3.14159		2.23		0.325687
3.14159		2.24		0.511672
3.14159		2.25		0.930725
3.14159		2.26		2.10283
3.14159		2.27		5.23167
3.14159		2.28		4.24546
3.14159		2.29		1.90514
3.14159		2.3		1.13801
3.14159		2.31		0.600637
3.14159		2.32		0.354042
3.14159		2.33		0.24085
3.14159		2.34		0.180949
3.14159		2.35		0.149396
3.14159		2.36		0.143894
3.14159		2.37		0.157149
3.14159		2.38		0.114799
3.14159		2.39		0.0900828
3.14159		2.4		0.0806894
3.14159		2.41		0.0788469
3.14159		2.42		0.0851515
3.14159		2.43		0.109735
3.14159		2.44		0.186396
3.14159		2.45		0.200754
3.14159		2.46		0.12555
3.14159		2.47		0.107687
3.14159		2.48		0.115577
3.14159		2.49		0.142742
3.14159		2.5		0.200178
3.14159		2.51		0.327175
3.14159		2.52		0.658285
3.14159		2.53		1.5993
3.14159		2.54		2.4132
3.14159		2.55		1.03762
3.14159		2.56		0.451291
3.14159		2.57		0.248901
3.14159		2.58		0.162545
3.14159		2.59		0.119673
3.14159		2.6		0.096726
3.14159		2.61		0.0847223
3.14159		2.62		0.0801065
3.14159		2.63		0.0820244
3.14159		2.64		0.0918683
3.14159		2.65		0.114603
3.14159		2.66		0.16409
3.14159		2.67		0.283513
3.14159		2.68		0.632634
3.14159		2.69		1.47668
3.14159		2.7		0.991696
3.14159		2.71		0.397256
3.14159		2.72		0.204023
3.14159		2.73		0.134051
3.14159		2.74		0.106608
3.14159		2.75		0.103298
3.14159		2.76		0.0892467
3.14159		2.77		0.104939
3.14159		2.78		0.162021
3.14159		2.79		0.100134
3.14159		2.8		0.0557835
3.14159		2.81		0.0398171
3.14159		2.82		0.0326194
3.14159		2.83		0.0287929
3.14159		2.84		0.0266502
3.14159		2.85		0.0255758
3.14159		2.86		0.0253626
3.14159		2.87		0.0260446
3.14159		2.88		0.0279482
3.14159		2.89		0.031538
3.14159		2.9		0.0371749
3.14159		2.91		0.049516
3.14159		2.92		0.0806724
3.14159		2.93		0.129383
3.14159		2.94		0.128379
3.14159		2.95		0.196857
3.14159		2.96		0.456605
3.14159		2.97		0.821509
3.14159		2.98		0.389039
3.14159		2.99		0.164139
3.14159		3		0.0879254
3.14159		3.01		0.055812
3.14159		3.02		0.0396215
3.14159		3.03		0.0303966
3.14159		3.04		0.0247028
3.14159		3.05		0.0210598
3.14159		3.06		0.0188833
3.14159		3.07		0.0184025
3.14159		3.08		0.0214331
3.14159		3.09		0.0214087
3.14159		3.1		0.0157991
3.14159		3.11		0.0143483
3.14159		3.12		0.0162776
3.14159		3.13		0.0148656
3.14159		3.14		0.0113421
3.76991		0		7.01486
3.76991		0.01		3.52845
3.76991		0.02		1.43746
3.76991		0.03		0.741888
3.76991		0.04		0.456861
3.76991		0.05		0.317229
3.76991		0.06		0.240087
3.76991		0.07		0.193925
3.76991		0.08		0.16485
3.76991		0.09		0.146017
3.76991		0.1		0.133765
3.76991		0.11		0.126007
3.76991		0.12		0.121503
3.76991		0.13		0.119491
3.76991		0.14		0.119505
3.76991		0.15		0.121265
3.76991		0.16		0.124622
3.76991		0.17		0.129524
3.76991		0.18		0.136002
3.76991		0.19		0.144157
3.76991		0.2		0.154168
3.76991		0.21		0.166301
3.76991		0.22		0.18092
3.76991		0.23		0.198526
3.76991		0.24		0.219789
3.76991		0.25		0.245621
3.76991		0.26		0.277272
3.76991		0.27		0.31648
3.76991		0.28		0.365716
3.76991		0.29		0.428575
3.76991		0.3		0.510446
3.76991		0.31		0.619685
3.76991		0.32		0.769807
3.76991		0.33		0.9838
3.76991		0.34		1.30327
3.76991		0.35		1.80965
3.76991		0.36		2.67942
3.76991		0.37		4.34985
3.76991		0.38		8.11731
3.76991		0.39		18.6771
3.76991		0.4		47.1325
3.76991		0.41		37.9499
3.76991		0.42		14.5099
3.76991		0.43		6.72366
3.76991		0.44		3.76782
3.76991		0.45		2.39022
3.76991		0.46		1.64792
3.76991		0.47		1.20525
3.76991		0.48		0.921091
3.76991		0.49		0.728305
3.76991		0.5		0.591781
3.76991		0.51		0.49176
3.76991		0.52		0.416455
3.76991		0.53		0.358488
3.76991		0.54		0.313062
3.76991		0.55		0.276948
3.76991		0.56		0.247921
3.76991		0.57		0.224408
3.76991		0.58		0.205286
3.76991		0.59		0.189739
3.76991		0.6		0.177184
3.76991		0.61		0.167205
3.76991		0.62		0.159529
3.76991		0.63		0.154006
3.76991		0.64		0.150604
3.76991		0.65		0.149433
3.76991		0.66		0.150776
3.76991		0.67		0.155173
3.76991		0.68		0.163574
3.76991		0.69		0.177635
3.76991		0.7		0.200349
3.76991		0.71		0.23746
3.76991		0.72		0.301045
3.76991		0.73		0.419983
3.76991		0.74		0.67676
3.76991		0.75		1.3587
3.76991		0.76		3.02808
3.76991		0.77		3.30232
3.76991		0.78		4.06397
3.76991		0.79		2.0814
3.76991		0.8		0.925029
3.76991		0.81		0.523696
3.76991		0.82		0.352109
3.76991		0.83		0.265195
3.76991		0.84		0.216193
3.76991		0.85		0.186829
3.76991		0.86		0.168884
3.76991		0.87		0.158302
3.76991		0.88		0.152999
3.76991		0.89		0.151967
3.76991		0.9		0.154912
3.76991		0.91		0.1622
3.76991		0.92		0.175074
3.76991		0.93		0.196418
3.76991		0.94		0.232944
3.76991		0.95		0.302345
3.76991		0.96		0.461188
3.76991		0.97		0.917189
3.76991		0.98		1.58392
3.76991		0.99		0.904129
3.76991		1		0.575036
3.76991		1.01		0.540066
3.76991		1.02		0.674295
3.76991		1.03		1.12647
3.76991		1.04		2.29975
3.76991		1.05		1.91007
3.76991		1.06		1.15931
3.76991		1.07		1.06244
3.76991		1.08		1.26741
3.76991		1.09		1.78147
3.76991		1.1		2.90369
3.76991		1.11		5.69444
3.76991		1.12		14.129
3.76991		1.13		27.5926
3.76991		1.14		13.5671
3.76991		1.15		5.49495
3.76991		1.16		2.79701
3.76991		1.17		1.68235
3.76991		1.18		1.13118
3.76991		1.19		0.823317
3.76991		1.2		0.636769
3.76991		1.21		0.517875
3.76991		1.22		0.440558
3.76991		1.23		0.390831
3.76991		1.24		0.362612
3.76991		1.25		0.354072
3.76991		1.26		0.367878
3.76991		1.27		0.414321
3.76991		1.28		0.521192
3.76991		1.29		0.768365
3.76991		1.3		1.42952
3.76991		1.31		3.45995
3.76991		1.32		4.78888
3.76991		1.33		2.04197
3.76991		1.34		0.953734
3.76991		1.35		0.573499
3.76991		1.36		0.410269
3.76991		1.37		0.330697
3.76991		1.38		0.292643
3.76991		1.39		0.286812
3.76991		1.4		0.322686
3.76991		1.41		0.299225
3.76991		1.42		0.266548
3.76991		1.43		0.264812
3.76991		1.44		0.277096
3.76991		1.45		0.299334
3.76991		1.46		0.331844
3.76991		1.47		0.377149
3.76991		1.48		0.440316
3.76991		1.49		0.53147
3.76991		1.5		0.675018
3.76991		1.51		0.913827
3.76991		1.52		1.12352
3.76991		1.53		1.47341
3.76991		1.54		2.16462
3.76991		1.55		3.56223
3.76991		1.56		6.87084
3.76991		1.57		16.566
3.76991		1.58		37.1703
3.76991		1.59		22.1265
3.76991		1.6		8.67041
3.76991		1.61		4.25239
3.76991		1.62		2.5034
3.76991		1.63		1.67562
3.76991		1.64		1.2465
3.76991		1.65		1.0389
3.76991		1.66		1.02279
3.76991		1.67		1.34829
3.76991		1.68		2.56322
3.76991		1.69		2.90156
3.76991		1.7		1.32056
3.76991		1.71		0.716655
3.76991		1.72		0.491264
3.76991		1.73		0.397145
3.76991		1.74		0.388661
3.76991		1.75		0.44019
3.76991		1.76		0.363548
3.76991		1.77		0.404926
3.76991		1.78		0.624085
3.76991		1.79		0.435684
3.76991		1.8		0.254652
3.76991		1.81		0.190471
3.76991		1.82		0.162677
3.76991		1.83		0.148897
3.76991		1.84		0.142513
3.76991		1.85		0.141444
3.76991		1.86		0.145471
3.76991		1.87		0.155718
3.76991		1.88		0.17513
3.76991		1.89		0.210339
3.76991		1.9		0.277433
3.76991		1.91		0.422415
3.76991		1.92		0.804903
3.76991		1.93		1.70663
3.76991		1.94		1.95022
3.76991		1.95		2.03176
3.76991		1.96		1.49366
3.76991		1.97		1.9614
3.76991		1.98		1.1227
3.76991		1.99		0.536412
3.76991		2		0.335418
3.76991		2.01		0.25543
3.76991		2.02		0.225664
3.76991		2.03		0.231628
3.76991		2.04		0.281634
3.76991		2.05		0.284741
3.76991		2.06		0.303047
3.76991		2.07		0.389027
3.76991		2.08		0.580179
3.76991		2.09		1.03214
3.76991		2.1		2.3299
3.76991		2.11		5.6495
3.76991		2.12		4.11549
3.76991		2.13		1.6128
3.76991		2.14		0.791829
3.76991		2.15		0.48225
3.76991		2.16		0.342542
3.76991		2.17		0.2816
3.76991		2.18		0.288512
3.76991		2.19		0.426071
3.76991		2.2		0.637829
3.76991		2.21		0.358771
3.76991		2.22		0.219118
3.76991		2.23		0.18172
3.76991		2.24		0.189367
3.76991		2.25		0.248653
3.76991		2.26		0.441522
3.76991		2.27		0.980158
3.76991		2.28		0.847855
3.76991		2.29		0.463377
3.76991		2.3		0.476597
3.76991		2.31		0.354928
3.76991		2.32		0.233525
3.76991		2.33		0.220993
3.76991		2.34		0.281255
3.76991		2.35		0.477125
3.76991		2.36		1.10123
3.76991		2.37		1.93505
3.76991		2.38		0.923557
3.76991		2.39		0.421839
3.76991		2.4		0.269721
3.76991		2.41		0.25192
3.76991		2.42		0.31323
3.76991		2.43		0.391884
3.76991		2.44		0.681439
3.76991		2.45		0.418727
3.76991		2.46		0.198178
3.76991		2.47		0.124902
3.76991		2.48		0.0975652
3.76991		2.49		0.0896462
3.76991		2.5		0.0966852
3.76991		2.51		0.127693
3.76991		2.52		0.224632
3.76991		2.53		0.518992
3.76991		2.54		0.541939
3.76991		2.55		0.229506
3.76991		2.56		0.12071
3.76991		2.57		0.0829362
3.76991		2.58		0.0723354
3.76991		2.59		0.0775152
3.76991		2.6		0.0613375
3.76991		2.61		0.0519075
3.76991		2.62		0.051258
3.76991		2.63		0.0565042
3.76991		2.64		0.0708368
3.76991		2.65		0.106151
3.76991		2.66		0.135885
3.76991		2.67		0.177862
3.76991		2.68		0.342052
3.76991		2.69		0.852348
3.76991		2.7		0.969373
3.76991		2.71		0.390088
3.76991		2.72		0.18328
3.76991		2.73		0.111786
3.76991		2.74		0.0896192
3.76991		2.75		0.101685
3.76991		2.76		0.0762595
3.76991		2.77		0.0472849
3.76991		2.78		0.0355501
3.76991		2.79		0.029908
3.76991		2.8		0.0273874
3.76991		2.81		0.0284922
3.76991		2.82		0.0285882
3.76991		2.83		0.0229351
3.76991		2.84		0.0205246
3.76991		2.85		0.019655
3.76991		2.86		0.0196432
3.76991		2.87		0.0205802
3.76991		2.88		0.0233979
3.76991		2.89		0.0315221
3.76991		2.9		0.0394041
3.76991		2.91		0.0327558
3.76991		2.92		0.0344567
3.76991		2.93		0.0439837
3.76991		2.94		0.0662899
3.76991		2.95		0.123247
3.76991		2.96		0.297201
3.76991		2.97		0.532835
3.76991		2.98		0.250914
3.76991		2.99		0.107387
3.76991		3		0.0589394
3.76991		3.01		0.038931
3.76991		3.02		0.0301098
3.76991		3.03		0.0259586
3.76991		3.04		0.0198814
3.76991		3.05		0.016319
3.76991		3.06		0.0142585
3.76991		3.07		0.0129445
3.76991		3.08		0.0121426
3.76991		3.09		0.0118626
3.76991		3.1		0.0124745
3.76991		3.11		0.015568
3.76991		3.12		0.0242613
3.76991		3.13		0.0194717
3.76991		3.14		0.0124968
4.39823		0		3.03565
4.39823		0.01		1.52031
4.39823		0.02		0.61115
4.39823		0.03		0.308162
4.39823		0.04		0.183462
4.39823		0.05		0.121851
4.39823		0.06		0.0873025
4.39823		0.07		0.0661159
4.39823		0.08		0.0522429
4.39823		0.09		0.042696
4.39823		0.1		0.0358675
4.39823		0.11		0.030832
4.39823		0.12		0.0270267
4.39823		0.13		0.024094
4.39823		0.14		0.0217981
4.39823		0.15		0.0199785
4.39823		0.16		0.0185231
4.39823		0.17		0.0173516
4.39823		0.18		0.0164059
4.39823		0.19		0.0156427
4.39823		0.2		0.0150299
4.39823		0.21		0.0145433
4.39823		0.22		0.0141647
4.39823		0.23		0.0138808
4.39823		0.24		0.0136818
4.39823		0.25		0.0135615
4.39823		0.26		0.0135169
4.39823		0.27		0.0135481
4.39823		0.28		0.0136592
4.39823		0.29		0.0138595
4.39823		0.3		0.0141653
4.39823		0.31		0.0146047
4.39823		0.32		0.0152252
4.39823		0.33		0.0161091
4.39823		0.34		0.0174071
4.39823		0.35		0.0194156
4.39823		0.36		0.0227776
4.39823		0.37		0.0290874
4.39823		0.38		0.0430713
4.39823		0.39		0.0818469
4.39823		0.4		0.185893
4.39823		0.41		0.152761
4.39823		0.42		0.067689
4.39823		0.43		0.0397195
4.39823		0.44		0.0293988
4.39823		0.45		0.0248745
4.39823		0.46		0.0227129
4.39823		0.47		0.0216948
4.39823		0.48		0.0213112
4.39823		0.49		0.0213238
4.39823		0.5		0.0216121
4.39823		0.51		0.0221133
4.39823		0.52		0.0227953
4.39823		0.53		0.0236444
4.39823		0.54		0.0246592
4.39823		0.55		0.0258477
4.39823		0.56		0.0272262
4.39823		0.57		0.0288194
4.39823		0.58		0.030662
4.39823		0.59		0.0328004
4.39823		0.6		0.0352968
4.39823		0.61		0.0382347
4.39823		0.62		0.0417271
4.39823		0.63		0.0459299
4.39823		0.64		0.0510621
4.39823		0.65		0.0574395
4.39823		0.66		0.0655307
4.39823		0.67		0.0760561
4.39823		0.68		0.0901692
4.39823		0.69		0.109815
4.39823		0.7		0.13848
4.39823		0.71		0.182933
4.39823		0.72		0.257733
4.39823		0.73		0.39878
4.39823		0.74		0.712443
4.39823		0.75		1.58196
4.39823		0.76		3.70897
4.39823		0.77		3.1254
4.39823		0.78		2.54543
4.39823		0.79		1.28407
4.39823		0.8		0.609869
4.39823		0.81		0.362178
4.39823		0.82		0.2512
4.39823		0.83		0.193668
4.39823		0.84		0.161363
4.39823		0.85		0.142783
4.39823		0.86		0.132598
4.39823		0.87		0.128139
4.39823		0.88		0.128049
4.39823		0.89		0.131704
4.39823		0.9		0.138962
4.39823		0.91		0.150073
4.39823		0.92		0.165687
4.39823		0.93		0.186954
4.39823		0.94		0.215744
4.39823		0.95		0.255073
4.39823		0.96		0.309913
4.39823		0.97		0.388826
4.39823		0.98		0.507321
4.39823		0.99		0.69564
4.39823		1		1.02069
4.39823		1.01		1.64862
4.39823		1.02		3.07656
4.39823		1.03		7.11692
4.39823		1.04		17.6325
4.39823		1.05		13.2547
4.39823		1.06		5.10143
4.39823		1.07		2.41302
4.39823		1.08		1.38526
4.39823		1.09		0.906915
4.39823		1.1		0.654066
4.39823		1.11		0.513982
4.39823		1.12		0.451496
4.39823		1.13		0.441842
4.39823		1.14		0.362811
4.39823		1.15		0.324644
4.39823		1.16		0.326098
4.39823		1.17		0.361363
4.39823		1.18		0.446943
4.39823		1.19		0.636117
4.39823		1.2		1.09932
4.39823		1.21		2.47179
4.39823		1.22		5.47326
4.39823		1.23		3.32084
4.39823		1.24		1.37413
4.39823		1.25		0.743175
4.39823		1.26		0.506114
4.39823		1.27		0.414455
4.39823		1.28		0.404455
4.39823		1.29		0.483841
4.39823		1.3		0.7624
4.39823		1.31		1.65836
4.39823		1.32		2.25332
4.39823		1.33		1.05415
4.39823		1.34		0.604184
4.39823		1.35		0.491717
4.39823		1.36		0.520536
4.39823		1.37		0.68533
4.39823		1.38		1.12909
4.39823		1.39		2.43812
4.39823		1.4		5.85497
4.39823		1.41		4.38078
4.39823		1.42		1.74423
4.39823		1.43		0.876429
4.39823		1.44		0.546524
4.39823		1.45		0.39626
4.39823		1.46		0.321109
4.39823		1.47		0.284196
4.39823		1.48		0.27102
4.39823		1.49		0.276504
4.39823		1.5		0.301554
4.39823		1.51		0.352663
4.39823		1.52		0.429636
4.39823		1.53		0.56688
4.39823		1.54		0.832776
4.39823		1.55		1.40658
4.39823		1.56		2.90784
4.39823		1.57		7.45704
4.39823		1.58		9.89592
4.39823		1.59		4.04768
4.39823		1.6		1.79818
4.39823		1.61		1.00959
4.39823		1.62		0.670276
4.39823		1.63		0.503325
4.39823		1.64		0.417208
4.39823		1.65		0.37677
4.39823		1.66		0.368491
4.39823		1.67		0.391028
4.39823		1.68		0.450297
4.39823		1.69		0.531851
4.39823		1.7		0.68413
4.39823		1.71		0.981977
4.39823		1.72		1.60449
4.39823		1.73		3.1411
4.39823		1.74		7.78209
4.39823		1.75		15.0301
4.39823		1.76		7.35322
4.39823		1.77		3.05599
4.39823		1.78		1.70806
4.39823		1.79		1.03141
4.39823		1.8		0.658662
4.39823		1.81		0.465255
4.39823		1.82		0.351228
4.39823		1.83		0.27795
4.39823		1.84		0.228138
4.39823		1.85		0.192997
4.39823		1.86		0.167669
4.39823		1.87		0.149362
4.39823		1.88		0.136508
4.39823		1.89		0.128428
4.39823		1.9		0.125374
4.39823		1.91		0.129174
4.39823		1.92		0.145666
4.39823		1.93		0.194254
4.39823		1.94		0.342692
4.39823		1.95		0.553718
4.39823		1.96		0.430152
4.39823		1.97		0.403095
4.39823		1.98		0.255385
4.39823		1.99		0.1641
4.39823		2		0.135445
4.39823		2.01		0.12865
4.39823		2.02		0.132975
4.39823		2.03		0.146541
4.39823		2.04		0.171324
4.39823		2.05		0.207585
4.39823		2.06		0.267877
4.39823		2.07		0.375812
4.39823		2.08		0.586585
4.39823		2.09		1.06785
4.39823		2.1		2.43235
4.39823		2.11		5.90068
4.39823		2.12		4.3207
4.39823		2.13		1.79731
4.39823		2.14		1.13524
4.39823		2.15		1.36241
4.39823		2.16		1.20573
4.39823		2.17		0.567979
4.39823		2.18		0.329863
4.39823		2.19		0.236393
4.39823		2.2		0.188068
4.39823		2.21		0.150251
4.39823		2.22		0.131776
4.39823		2.23		0.126257
4.39823		2.24		0.13439
4.39823		2.25		0.168037
4.39823		2.26		0.27465
4.39823		2.27		0.506719
4.39823		2.28		0.472603
4.39823		2.29		0.558208
4.39823		2.3		0.339446
4.39823		2.31		0.229934
4.39823		2.32		0.246463
4.39823		2.33		0.290308
4.39823		2.34		0.341381
4.39823		2.35		0.579857
4.39823		2.36		1.35726
4.39823		2.37		2.60526
4.39823		2.38		1.29664
4.39823		2.39		0.546997
4.39823		2.4		0.30042
4.39823		2.41		0.207278
4.39823		2.42		0.181568
4.39823		2.43		0.225187
4.39823		2.44		0.415459
4.39823		2.45		0.387275
4.39823		2.46		0.193274
4.39823		2.47		0.150938
4.39823		2.48		0.159475
4.39823		2.49		0.101964
4.39823		2.5		0.0779052
4.39823		2.51		0.0798391
4.39823		2.52		0.112833
4.39823		2.53		0.230445
4.39823		2.54		0.291294
4.39823		2.55		0.132844
4.39823		2.56		0.0722183
4.39823		2.57		0.0520048
4.39823		2.58		0.0471767
4.39823		2.59		0.0572068
4.39823		2.6		0.0996679
4.39823		2.61		0.0960659
4.39823		2.62		0.048826
4.39823		2.63		0.0320701
4.39823		2.64		0.0257388
4.39823		2.65		0.023224
4.39823		2.66		0.0231105
4.39823		2.67		0.0264053
4.39823		2.68		0.0379521
4.39823		2.69		0.0460299
4.39823		2.7		0.055728
4.39823		2.71		0.104204
4.39823		2.72		0.0772509
4.39823		2.73		0.0371982
4.39823		2.74		0.024124
4.39823		2.75		0.0198078
4.39823		2.76		0.020078
4.39823		2.77		0.0277693
4.39823		2.78		0.0405441
4.39823		2.79		0.0243328
4.39823		2.8		0.0153812
4.39823		2.81		0.0121064
4.39823		2.82		0.0105675
4.39823		2.83		0.00970028
4.39823		2.84		0.00918104
4.39823		2.85		0.00894616
4.39823		2.86		0.00908569
4.39823		2.87		0.00884112
4.39823		2.88		0.00864709
4.39823		2.89		0.00895383
4.39823		2.9		0.00995673
4.39823		2.91		0.0126355
4.39823		2.92		0.0207394
4.39823		2.93		0.0408089
4.39823		2.94		0.0295838
4.39823		2.95		0.0150428
4.39823		2.96		0.0102271
4.39823		2.97		0.00835158
4.39823		2.98		0.00753408
4.39823		2.99		0.00733913
4.39823		3		0.00804347
4.39823		3.01		0.00900638
4.39823		3.02		0.0074455
4.39823		3.03		0.00689234
4.39823		3.04		0.00709354
4.39823		3.05		0.00805123
4.39823		3.06		0.0107553
4.39823		3.07		0.0191558
4.39823		3.08		0.0315305
4.39823		3.09		0.0182282
4.39823		3.1		0.0119035
4.39823		3.11		0.0122442
4.39823		3.12		0.0199352
4.39823		3.13		0.0247957
4.39823		3.14		0.0127402
5.02655		0		2.22111
5.02655		0.01		1.112
5.02655		0.02		0.446548
5.02655		0.03		0.224768
5.02655		0.04		0.133481
5.02655		0.05		0.088369
5.02655		0.06		0.0630633
5.02655		0.07		0.0475371
5.02655		0.08		0.0373631
5.02655		0.09		0.0303547
5.02655		0.1		0.0253351
5.02655		0.11		0.021627
5.02655		0.12		0.0188185
5.02655		0.13		0.0166477
5.02655		0.14		0.0149421
5.02655		0.15		0.013584
5.02655		0.16		0.0124913
5.02655		0.17		0.0116054
5.02655		0.18		0.0108836
5.02655		0.19		0.0102941
5.02655		0.2		0.00981355
5.02655		0.21		0.00942403
5.02655		0.22		0.00911228
5.02655		0.23		0.00886844
5.02655		0.24		0.0086855
5.02655		0.25		0.00855894
5.02655		0.26		0.0084866
5.02655		0.27		0.00846882
5.02655		0.28		0.00850893
5.02655		0.29		0.00861421
5.02655		0.3		0.00879765
5.02655		0.31		0.00908129
5.02655		0.32		0.0095024
5.02655		0.33		0.0101259
5.02655		0.34		0.0110705
5.02655		0.35		0.01257
5.02655		0.36		0.0151321
5.02655		0.37		0.0200159
5.02655		0.38		0.030955
5.02655		0.39		0.0614729
5.02655		0.4		0.14355
5.02655		0.41		0.117237
5.02655		0.42		0.0498751
5.02655		0.43		0.0276168
5.02655		0.44		0.0192891
5.02655		0.45		0.015526
5.02655		0.46		0.013613
5.02655		0.47		0.0125848
5.02655		0.48		0.0120369
5.02655		0.49		0.0117783
5.02655		0.5		0.0117105
5.02655		0.51		0.01178
5.02655		0.52		0.0119569
5.02655		0.53		0.0122246
5.02655		0.54		0.0125752
5.02655		0.55		0.0130065
5.02655		0.56		0.013521
5.02655		0.57		0.0141252
5.02655		0.58		0.0148296
5.02655		0.59		0.0156496
5.02655		0.6		0.0166061
5.02655		0.61		0.0177278
5.02655		0.62		0.0190533
5.02655		0.63		0.020636
5.02655		0.64		0.0225499
5.02655		0.65		0.0249005
5.02655		0.66		0.0278421
5.02655		0.67		0.0316068
5.02655		0.68		0.0365583
5.02655		0.69		0.0432924
5.02655		0.7		0.0528428
5.02655		0.71		0.0671369
5.02655		0.72		0.090124
5.02655		0.73		0.130996
5.02655		0.74		0.215237
5.02655		0.75		0.429148
5.02655		0.76		0.950757
5.02655		0.77		1.21433
5.02655		0.78		1.74671
5.02655		0.79		0.890333
5.02655		0.8		0.379554
5.02655		0.81		0.20547
5.02655		0.82		0.132471
5.02655		0.83		0.0961014
5.02655		0.84		0.0758434
5.02655		0.85		0.0637635
5.02655		0.86		0.0563127
5.02655		0.87		0.0517288
5.02655		0.88		0.0490731
5.02655		0.89		0.047828
5.02655		0.9		0.0477168
5.02655		0.91		0.0486226
5.02655		0.92		0.0505634
5.02655		0.93		0.0537203
5.02655		0.94		0.0585611
5.02655		0.95		0.0662514
5.02655		0.96		0.0802177
5.02655		0.97		0.112323
5.02655		0.98		0.159138
5.02655		0.99		0.139151
5.02655		1		0.149126
5.02655		1.01		0.199201
5.02655		1.02		0.322118
5.02655		1.03		0.669836
5.02655		1.04		1.57087
5.02655		1.05		1.20405
5.02655		1.06		0.51699
5.02655		1.07		0.297515
5.02655		1.08		0.222006
5.02655		1.09		0.196786
5.02655		1.1		0.196303
5.02655		1.11		0.21614
5.02655		1.12		0.269978
5.02655		1.13		0.356168
5.02655		1.14		0.346982
5.02655		1.15		0.384771
5.02655		1.16		0.481347
5.02655		1.17		0.650047
5.02655		1.18		0.950595
5.02655		1.19		1.54531
5.02655		1.2		2.93977
5.02655		1.21		7.00929
5.02655		1.22		15.8777
5.02655		1.23		9.54154
5.02655		1.24		3.80775
5.02655		1.25		1.95003
5.02655		1.26		1.24904
5.02655		1.27		0.970355
5.02655		1.28		0.922203
5.02655		1.29		1.11708
5.02655		1.3		1.84481
5.02655		1.31		4.22241
5.02655		1.32		5.78715
5.02655		1.33		2.53573
5.02655		1.34		1.27157
5.02655		1.35		0.87721
5.02655		1.36		0.794928
5.02655		1.37		0.930214
5.02655		1.38		1.42578
5.02655		1.39		2.97566
5.02655		1.4		7.07039
5.02655		1.41		5.28019
5.02655		1.42		2.09283
5.02655		1.43		1.03634
5.02655		1.44		0.627932
5.02655		1.45		0.435551
5.02655		1.46		0.332645
5.02655		1.47		0.273994
5.02655		1.48		0.241065
5.02655		1.49		0.226275
5.02655		1.5		0.228876
5.02655		1.51		0.253467
5.02655		1.52		0.278819
5.02655		1.53		0.333533
5.02655		1.54		0.455065
5.02655		1.55		0.719412
5.02655		1.56		1.38839
5.02655		1.57		3.39507
5.02655		1.58		6.00273
5.02655		1.59		3.15541
5.02655		1.6		1.29427
5.02655		1.61		0.669046
5.02655		1.62		0.412843
5.02655		1.63		0.287881
5.02655		1.64		0.221073
5.02655		1.65		0.186994
5.02655		1.66		0.181125
5.02655		1.67		0.225252
5.02655		1.68		0.376079
5.02655		1.69		0.36956
5.02655		1.7		0.200209
5.02655		1.71		0.144911
5.02655		1.72		0.143146
5.02655		1.73		0.19247
5.02655		1.74		0.375817
5.02655		1.75		0.670318
5.02655		1.76		0.351942
5.02655		1.77		0.180437
5.02655		1.78		0.143457
5.02655		1.79		0.0989518
5.02655		1.8		0.0675412
5.02655		1.81		0.0535424
5.02655		1.82		0.0460373
5.02655		1.83		0.0415625
5.02655		1.84		0.0388785
5.02655		1.85		0.037497
5.02655		1.86		0.0372802
5.02655		1.87		0.0383416
5.02655		1.88		0.0410952
5.02655		1.89		0.0464868
5.02655		1.9		0.0566704
5.02655		1.91		0.0771661
5.02655		1.92		0.124913
5.02655		1.93		0.242021
5.02655		1.94		0.451998
5.02655		1.95		0.626656
5.02655		1.96		0.41218
5.02655		1.97		0.442375
5.02655		1.98		0.248586
5.02655		1.99		0.118094
5.02655		2		0.0711073
5.02655		2.01		0.0503285
5.02655		2.02		0.0395261
5.02655		2.03		0.0335392
5.02655		2.04		0.0305744
5.02655		2.05		0.0282221
5.02655		2.06		0.0270086
5.02655		2.07		0.0277024
5.02655		2.08		0.0308539
5.02655		2.09		0.0390693
5.02655		2.1		0.0620061
5.02655		2.11		0.120629
5.02655		2.12		0.107561
5.02655		2.13		0.0852539
5.02655		2.14		0.12536
5.02655		2.15		0.27531
5.02655		2.16		0.276106
5.02655		2.17		0.133325
5.02655		2.18		0.106267
5.02655		2.19		0.165479
5.02655		2.2		0.280363
5.02655		2.21		0.144146
5.02655		2.22		0.0668386
5.02655		2.23		0.0401996
5.02655		2.24		0.0289529
5.02655		2.25		0.02366
5.02655		2.26		0.0217293
5.02655		2.27		0.0235032
5.02655		2.28		0.0293586
5.02655		2.29		0.0405171
5.02655		2.3		0.0643912
5.02655		2.31		0.0383859
5.02655		2.32		0.0230231
5.02655		2.33		0.0190079
5.02655		2.34		0.0199685
5.02655		2.35		0.0272712
5.02655		2.36		0.0525813
5.02655		2.37		0.0825841
5.02655		2.38		0.0423585
5.02655		2.39		0.0240702
5.02655		2.4		0.0191399
5.02655		2.41		0.0197403
5.02655		2.42		0.0266365
5.02655		2.43		0.0486752
5.02655		2.44		0.0627329
5.02655		2.45		0.0769398
5.02655		2.46		0.124577
5.02655		2.47		0.0642808
5.02655		2.48		0.0301136
5.02655		2.49		0.0186504
5.02655		2.5		0.0143271
5.02655		2.51		0.0136197
5.02655		2.52		0.0178177
5.02655		2.53		0.0205129
5.02655		2.54		0.0124928
5.02655		2.55		0.0093647
5.02655		2.56		0.00851765
5.02655		2.57		0.00881691
5.02655		2.58		0.0105272
5.02655		2.59		0.0156641
5.02655		2.6		0.0320291
5.02655		2.61		0.0512671
5.02655		2.62		0.0252767
5.02655		2.63		0.0130617
5.02655		2.64		0.0089505
5.02655		2.65		0.00733551
5.02655		2.66		0.00676915
5.02655		2.67		0.00693835
5.02655		2.68		0.00816246
5.02655		2.69		0.0121519
5.02655		2.7		0.021964
5.02655		2.71		0.019439
5.02655		2.72		0.0207867
5.02655		2.73		0.0371232
5.02655		2.74		0.0257992
5.02655		2.75		0.0128453
5.02655		2.76		0.00931572
5.02655		2.77		0.0104038
5.02655		2.78		0.0152178
5.02655		2.79		0.00983854
5.02655		2.8		0.00594884
5.02655		2.81		0.00455084
5.02655		2.82		0.00392694
5.02655		2.83		0.00360678
5.02655		2.84		0.00345466
5.02655		2.85		0.00345525
5.02655		2.86		0.00372699
5.02655		2.87		0.00473471
5.02655		2.88		0.00528868
5.02655		2.89		0.00432637
5.02655		2.9		0.00451691
5.02655		2.91		0.00607092
5.02655		2.92		0.011311
5.02655		2.93		0.0188933
5.02655		2.94		0.0101342
5.02655		2.95		0.00556034
5.02655		2.96		0.00417088
5.02655		2.97		0.00408907
5.02655		2.98		0.00495397
5.02655		2.99		0.00378302
5.02655		3		0.00291387
5.02655		3.01		0.00261701
5.02655		3.02		0.00253999
5.02655		3.03		0.00263641
5.02655		3.04		0.00306543
5.02655		3.05		0.00452372
5.02655		3.06		0.00649438
5.02655		3.07		0.00411077
5.02655		3.08		0.00297786
5.02655		3.09		0.00275733
5.02655		3.1		0.00306291
5.02655		3.11		0.00439007
5.02655		3.12		0.00804475
5.02655		3.13		0.00639113
5.02655		3.14		0.00349779
5.65487		0		1.81979
5.65487		0.01		0.911599
5.65487		0.02		0.366724
5.65487		0.03		0.185167
5.65487		0.04		0.110472
5.65487		0.05		0.0735917
5.65487		0.06		0.0529347
5.65487		0.07		0.04029
5.65487		0.08		0.0320325
5.65487		0.09		0.0263721
5.65487		0.1		0.0223455
5.65487		0.11		0.0193984
5.65487		0.12		0.0171942
5.65487		0.13		0.015519
5.65487		0.14		0.0142321
5.65487		0.15		0.0132382
5.65487		0.16		0.0124709
5.65487		0.17		0.0118832
5.65487		0.18		0.0114414
5.65487		0.19		0.0111212
5.65487		0.2		0.010905
5.65487		0.21		0.0107807
5.65487		0.22		0.0107399
5.65487		0.23		0.0107783
5.65487		0.24		0.0108943
5.65487		0.25		0.0110901
5.65487		0.26		0.0113713
5.65487		0.27		0.0117485
5.65487		0.28		0.0122385
5.65487		0.29		0.0128675
5.65487		0.3		0.0136758
5.65487		0.31		0.014727
5.65487		0.32		0.0161244
5.65487		0.33		0.0180442
5.65487		0.34		0.0208047
5.65487		0.35		0.0250287
5.65487		0.36		0.0320641
5.65487		0.37		0.0452483
5.65487		0.38		0.0744707
5.65487		0.39		0.155542
5.65487		0.4		0.373142
5.65487		0.41		0.303768
5.65487		0.42		0.125731
5.65487		0.43		0.0671432
5.65487		0.44		0.0454734
5.65487		0.45		0.0359294
5.65487		0.46		0.0313316
5.65487		0.47		0.0291331
5.65487		0.48		0.0282735
5.65487		0.49		0.0282591
5.65487		0.5		0.0288441
5.65487		0.51		0.0299045
5.65487		0.52		0.031382
5.65487		0.53		0.0332593
5.65487		0.54		0.0355471
5.65487		0.55		0.0382795
5.65487		0.56		0.0415124
5.65487		0.57		0.0453258
5.65487		0.58		0.0498282
5.65487		0.59		0.055164
5.65487		0.6		0.0615257
5.65487		0.61		0.0691714
5.65487		0.62		0.0784512
5.65487		0.63		0.0898487
5.65487		0.64		0.104045
5.65487		0.65		0.122022
5.65487		0.66		0.14524
5.65487		0.67		0.175944
5.65487		0.68		0.217727
5.65487		0.69		0.276634
5.65487		0.7		0.363489
5.65487		0.71		0.499229
5.65487		0.72		0.728704
5.65487		0.73		1.16197
5.65487		0.74		2.12329
5.65487		0.75		4.77511
5.65487		0.76		11.2673
5.65487		0.77		9.91639
5.65487		0.78		8.86463
5.65487		0.79		4.4139
5.65487		0.8		1.9733
5.65487		0.81		1.08476
5.65487		0.82		0.685463
5.65487		0.83		0.473354
5.65487		0.84		0.347295
5.65487		0.85		0.266292
5.65487		0.86		0.211205
5.65487		0.87		0.172125
5.65487		0.88		0.143509
5.65487		0.89		0.122077
5.65487		0.9		0.105819
5.65487		0.91		0.093497
5.65487		0.92		0.0844201
5.65487		0.93		0.0784028
5.65487		0.94		0.0760045
5.65487		0.95		0.0795418
5.65487		0.96		0.0972278
5.65487		0.97		0.159943
5.65487		0.98		0.254641
5.65487		0.99		0.148398
5.65487		1		0.0951902
5.65487		1.01		0.0872283
5.65487		1.02		0.108292
5.65487		1.03		0.190378
5.65487		1.04		0.414872
5.65487		1.05		0.318262
5.65487		1.06		0.141082
5.65487		1.07		0.0835824
5.65487		1.08		0.0640315
5.65487		1.09		0.0600316
5.65487		1.1		0.0691173
5.65487		1.11		0.103585
5.65487		1.12		0.217459
5.65487		1.13		0.401742
5.65487		1.14		0.205955
5.65487		1.15		0.0930003
5.65487		1.16		0.0548072
5.65487		1.17		0.0389176
5.65487		1.18		0.0313655
5.65487		1.19		0.0281829
5.65487		1.2		0.0291804
5.65487		1.21		0.0392208
5.65487		1.22		0.0643002
5.65487		1.23		0.0443688
5.65487		1.24		0.0266743
5.65487		1.25		0.0210394
5.65487		1.26		0.0194635
5.65487		1.27		0.0201067
5.65487		1.28		0.0232898
5.65487		1.29		0.031569
5.65487		1.3		0.0543916
5.65487		1.31		0.125007
5.65487		1.32		0.171285
5.65487		1.33		0.0757198
5.65487		1.34		0.0381433
5.65487		1.35		0.0256027
5.65487		1.36		0.0213581
5.65487		1.37		0.0216817
5.65487		1.38		0.0278652
5.65487		1.39		0.0496716
5.65487		1.4		0.108592
5.65487		1.41		0.082216
5.65487		1.42		0.0356348
5.65487		1.43		0.0200268
5.65487		1.44		0.0138594
5.65487		1.45		0.0108552
5.65487		1.46		0.00917654
5.65487		1.47		0.00817673
5.65487		1.48		0.00762405
5.65487		1.49		0.00754112
5.65487		1.5		0.0084395
5.65487		1.51		0.0113134
5.65487		1.52		0.00945825
5.65487		1.53		0.00715218
5.65487		1.54		0.00652371
5.65487		1.55		0.00666248
5.65487		1.56		0.00777572
5.65487		1.57		0.0115712
5.65487		1.58		0.0163232
5.65487		1.59		0.0110587
5.65487		1.6		0.00793363
5.65487		1.61		0.00726154
5.65487		1.62		0.00757889
5.65487		1.63		0.00869372
5.65487		1.64		0.0110151
5.65487		1.65		0.0158992
5.65487		1.66		0.0277202
5.65487		1.67		0.0627845
5.65487		1.68		0.133991
5.65487		1.69		0.0784019
5.65487		1.7		0.0329918
5.65487		1.71		0.01822
5.65487		1.72		0.0129624
5.65487		1.73		0.0120765
5.65487		1.74		0.0167494
5.65487		1.75		0.0256263
5.65487		1.76		0.0144126
5.65487		1.77		0.00800036
5.65487		1.78		0.00569822
5.65487		1.79		0.00456607
5.65487		1.8		0.00390885
5.65487		1.81		0.00349567
5.65487		1.82		0.00321058
5.65487		1.83		0.00300267
5.65487		1.84		0.00284678
5.65487		1.85		0.00272982
5.65487		1.86		0.00264565
5.65487		1.87		0.00259346
5.65487		1.88		0.00257877
5.65487		1.89		0.00261833
5.65487		1.9		0.00275605
5.65487		1.91		0.00312001
5.65487		1.92		0.00415521
5.65487		1.93		0.00667601
5.65487		1.94		0.00769652
5.65487		1.95		0.00797276
5.65487		1.96		0.00516044
5.65487		1.97		0.00473414
5.65487		1.98		0.00375626
5.65487		1.99		0.00329939
5.65487		2		0.00346713
5.65487		2.01		0.00422059
5.65487		2.02		0.00621098
5.65487		2.03		0.0121049
5.65487		2.04		0.0269458
5.65487		2.05		0.0193976
5.65487		2.06		0.00847985
5.65487		2.07		0.00490271
5.65487		2.08		0.00354771
5.65487		2.09		0.00296975
5.65487		2.1		0.00279548
5.65487		2.11		0.00301524
5.65487		2.12		0.0030874
5.65487		2.13		0.00331641
5.65487		2.14		0.00466621
5.65487		2.15		0.00864851
5.65487		2.16		0.00867986
5.65487		2.17		0.00699243
5.65487		2.18		0.0109582
5.65487		2.19		0.0156595
5.65487		2.2		0.012695
5.65487		2.21		0.00638692
5.65487		2.22		0.00368358
5.65487		2.23		0.00268263
5.65487		2.24		0.00224758
5.65487		2.25		0.0020702
5.65487		2.26		0.00209658
5.65487		2.27		0.00249184
5.65487		2.28		0.00317892
5.65487		2.29		0.0026054
5.65487		2.3		0.0025191
5.65487		2.31		0.0030493
5.65487		2.32		0.00462574
5.65487		2.33		0.00947967
5.65487		2.34		0.0191156
5.65487		2.35		0.0111252
5.65487		2.36		0.00534048
5.65487		2.37		0.00369607
5.65487		2.38		0.00260881
5.65487		2.39		0.00209277
5.65487		2.4		0.00193433
5.65487		2.41		0.0020254
5.65487		2.42		0.00251459
5.65487		2.43		0.00415211
5.65487		2.44		0.00817623
5.65487		2.45		0.00579634
5.65487		2.46		0.00302508
5.65487		2.47		0.0023013
5.65487		2.48		0.00250056
5.65487		2.49		0.00214159
5.65487		2.5		0.00164904
5.65487		2.51		0.00152137
5.65487		2.52		0.00155675
5.65487		2.53		0.00173114
5.65487		2.54		0.00213298
5.65487		2.55		0.00307814
5.65487		2.56		0.00573024
5.65487		2.57		0.0126878
5.65487		2.58		0.010394
5.65487		2.59		0.00562218
5.65487		2.6		0.00554099
5.65487		2.61		0.0100245
5.65487		2.62		0.0117839
5.65487		2.63		0.00531654
5.65487		2.64		0.00288905
5.65487		2.65		0.00202596
5.65487		2.66		0.00168624
5.65487		2.67		0.00162083
5.65487		2.68		0.00188065
5.65487		2.69		0.00297773
5.65487		2.7		0.00434607
5.65487		2.71		0.00256442
5.65487		2.72		0.00183776
5.65487		2.73		0.00193344
5.65487		2.74		0.00302254
5.65487		2.75		0.00481676
5.65487		2.76		0.00289478
5.65487		2.77		0.00202781
5.65487		2.78		0.00236375
5.65487		2.79		0.00413852
5.65487		2.8		0.00339615
5.65487		2.81		0.00178792
5.65487		2.82		0.00128879
5.65487		2.83		0.00123921
5.65487		2.84		0.00157023
5.65487		2.85		0.00129778
5.65487		2.86		0.000938677
5.65487		2.87		0.000818884
5.65487		2.88		0.000785442
5.65487		2.89		0.000804506
5.65487		2.9		0.000896871
5.65487		2.91		0.00117541
5.65487		2.92		0.00205683
5.65487		2.93		0.00276028
5.65487		2.94		0.0015111
5.65487		2.95		0.00100687
5.65487		2.96		0.000852138
5.65487		2.97		0.000820201
5.65487		2.98		0.000869323
5.65487		2.99		0.00104859
5.65487		3		0.00152703
5.65487		3.01		0.00168105
5.65487		3.02		0.00188312
5.65487		3.03		0.00323406
5.65487		3.04		0.00744965
5.65487		3.05		0.00742461
5.65487		3.06		0.00314295
5.65487		3.07		0.00166127
5.65487		3.08		0.00111283
5.65487		3.09		0.000862359
5.65487		3.1		0.000730947
5.65487		3.11		0.000658227
5.65487		3.12		0.000623855
5.65487		3.13		0.00063312
5.65487		3.14		0.000742791
6.28319		0		31.831
6.28319		0.01		15.9155
6.28319		0.02		6.3662
6.28319		0.03		3.1831
6.28319		0.04		1.87241
6.28319		0.05		1.22427
6.28319		0.06		0.860297
6.28319		0.07		0.63662
6.28319		0.08		0.489708
6.28319		0.09		0.388183
6.28319		0.1		0.315158
6.28319		0.11		0.26091
6.28319		0.12		0.219524
6.28319		0.13		0.187241
6.28319		0.14		0.161579
6.28319		0.15		0.140845
6.28319		0.16		0.123856
6.28319		0.17		0.109762
6.28319		0.18		0.0979415
6.28319		0.19		0.0879309
6.28319		0.2		0.079379
6.28319		0.21		0.0720158
6.28319		0.22		0.0656309
6.28319		0.23		0.0600585
6.28319		0.24		0.0551664
6.28319		0.25		0.0508482
6.28319		0.26		0.0470177
6.28319		0.27		0.0436041
6.28319		0.28		0.040549
6.28319		0.29		0.037804
6.28319		0.3		0.0353285
6.28319		0.31		0.0330883
6.28319		0.32		0.0310546
6.28319		0.33		0.0292027
6.28319		0.34		0.0275117
6.28319		0.35		0.0259633
6.28319		0.36		0.024542
6.28319		0.37		0.0232343
6.28319		0.38		0.0220284
6.28319		0.39		0.0209139
6.28319		0.4		0.0198819
6.28319		0.41		0.0189245
6.28319		0.42		0.0180346
6.28319		0.43		0.0172059
6.28319		0.44		0.0164331
6.28319		0.45		0.0157112
6.28319		0.46		0.0150359
6.28319		0.47		0.0144032
6.28319		0.48		0.0138095
6.28319		0.49		0.0132519
6.28319		0.5		0.0127273
6.28319		0.51		0.0122333
6.28319		0.52		0.0117675
6.28319		0.53		0.0113278
6.28319		0.54		0.0109122
6.28319		0.55		0.0105192
6.28319		0.56		0.010147
6.28319		0.57		0.00979415
6.28319		0.58		0.00945943
6.28319		0.59		0.00914158
6.28319		0.6		0.00883949
6.28319		0.61		0.00855212
6.28319		0.62		0.00827854
6.28319		0.63		0.00801788
6.28319		0.64		0.00776934
6.28319		0.65		0.00753218
6.28319		0.66		0.00730571
6.28319		0.67		0.00708931
6.28319		0.68		0.00688238
6.28319		0.69		0.00668437
6.28319		0.7		0.00649479
6.28319		0.71		0.00631317
6.28319		0.72		0.00613905
6.28319		0.73		0.00597204
6.28319		0.74		0.00581176
6.28319		0.75		0.00565784
6.28319		0.76		0.00550995
6.28319		0.77		0.00536779
6.28319		0.78		0.00523106
6.28319		0.79		0.00509949
6.28319		0.8		0.00497281
6.28319		0.81		0.00485081
6.28319		0.82		0.00473323
6.28319		0.83		0.00461988
6.28319		0.84		0.00451056
6.28319		0.85		0.00440506
6.28319		0.86		0.00430323
6.28319		0.87		0.00420489
6.28319		0.88		0.00410988
6.28319		0.89		0.00401805
6.28319		0.9		0.00392927
6.28319		0.91		0.00384339
6.28319		0.92		0.00376031
6.28319		0.93		0.00367988
6.28319		0.94		0.00360201
6.28319		0.95		0.00352659
6.28319		0.96		0.00345351
6.28319		0.97		0.00338268
6.28319		0.98		0.003314
6.28319		0.99		0.0032474
6.28319		1		0.00318278
6.28319		1.01		0.00312007
6.28319		1.02		0.0030592
6.28319		1.03		0.00300009
6.28319		1.04		0.00294268
6.28319		1.05		0.0028869
6.28319		1.06		0.00283269
6.28319		1.07		0.00278
6.28319		1.08		0.00272876
6.28319		1.09		0.00267893
6.28319		1.1		0.00263044
6.28319		1.11		0.00258326
6.28319		1.12		0.00253734
6.28319		1.13		0.00249264
6.28319		1.14		0.0024491
6.28319		1.15		0.0024067
6.28319		1.16		0.00236539
6.28319		1.17		0.00232513
6.28319		1.18		0.00228589
6.28319		1.19		0.00224763
6.28319		1.2		0.00221033
6.28319		1.21		0.00217395
6.28319		1.22		0.00213846
6.28319		1.23		0.00210383
6.28319		1.24		0.00207004
6.28319		1.25		0.00203705
6.28319		1.26		0.00200485
6.28319		1.27		0.0019734
6.28319		1.28		0.00194269
6.28319		1.29		0.00191269
6.28319		1.3		0.00188338
6.28319		1.31		0.00185474
6.28319		1.32		0.00182674
6.28319		1.33		0.00179938
6.28319		1.34		0.00177262
6.28319		1.35		0.00174646
6.28319		1.36		0.00172087
6.28319		1.37		0.00169584
6.28319		1.38		0.00167136
6.28319		1.39		0.0016474
6.28319		1.4		0.00162395
6.28319		1.41		0.001601
6.28319		1.42		0.00157853
6.28319		1.43		0.00155653
6.28319		1.44		0.00153499
6.28319		1.45		0.00151389
6.28319		1.46		0.00149322
6.28319		1.47		0.00147297
6.28319		1.48		0.00145314
6.28319		1.49		0.0014337
6.28319		1.5		0.00141465
6.28319		1.51		0.00139597
6.28319		1.52		0.00137767
6.28319		1.53		0.00135972
6.28319		1.54		0.00134212
6.28319		1.55		0.00132486
6.28319		1.56		0.00130793
6.28319		1.57		0.00129132
6.28319		1.58		0.00127502
6.28319		1.59		0.00125904
6.28319		1.6		0.00124335
6.28319		1.61		0.00122795
6.28319		1.62		0.00121284
6.28319		1.63		0.001198
6.28319		1.64		0.00118344
6.28319		1.65		0.00116914
6.28319		1.66		0.0011551
6.28319		1.67		0.0011413
6.28319		1.68		0.00112776
6.28319		1.69		0.00111445
6.28319		1.7		0.00110138
6.28319		1.71		0.00108854
6.28319		1.72		0.00107592
6.28319		1.73		0.00106351
6.28319		1.74		0.00105133
6.28319		1.75		0.00103935
6.28319		1.76		0.00102757
6.28319		1.77		0.00101599
6.28319		1.78		0.00100461
6.28319		1.79		0.000993415
6.28319		1.8		0.000982408
6.28319		1.81		0.000971583
6.28319		1.82		0.000960936
6.28319		1.83		0.000950462
6.28319		1.84		0.00094016
6.28319		1.85		0.000930024
6.28319		1.86		0.000920051
6.28319		1.87		0.000910237
6.28319		1.88		0.00090058
6.28319		1.89		0.000891075
6.28319		1.9		0.00088172
6.28319		1.91		0.000872512
6.28319		1.92		0.000863447
6.28319		1.93		0.000854523
6.28319		1.94		0.000845737
6.28319		1.95		0.000837085
6.28319		1.96		0.000828565
6.28319		1.97		0.000820175
6.28319		1.98		0.000811911
6.28319		1.99		0.000803772
6.28319		2		0.000795755
6.28319		2.01		0.000787857
6.28319		2.02		0.000780076
6.28319		2.03		0.000772409
6.28319		2.04		0.000764855
6.28319		2.05		0.000757412
6.28319		2.06		0.000750076
6.28319		2.07		0.000742847
6.28319		2.08		0.000735721
6.28319		2.09		0.000728698
6.28319		2.1		0.000721775
6.28319		2.11		0.00071495
6.28319		2.12		0.000708221
6.28319		2.13		0.000701587
6.28319		2.14		0.000695045
6.28319		2.15		0.000688595
6.28319		2.16		0.000682234
6.28319		2.17		0.000675961
6.28319		2.18		0.000669774
6.28319		2.19		0.000663671
6.28319		2.2		0.000657651
6.28319		2.21		0.000651713
6.28319		2.22		0.000645856
6.28319		2.23		0.000640076
6.28319		2.24		0.000634374
6.28319		2.25		0.000628748
6.28319		2.26		0.000623196
6.28319		2.27		0.000617718
6.28319		2.28		0.000612311
6.28319		2.29		0.000606975
6.28319		2.3		0.000601709
6.28319		2.31		0.00059651
6.28319		2.32		0.000591379
6.28319		2.33		0.000586314
6.28319		2.34		0.000581314
6.28319		2.35		0.000576377
6.28319		2.36		0.000571503
6.28319		2.37		0.00056669
6.28319		2.38		0.000561938
6.28319		2.39		0.000557246
6.28319		2.4		0.000552612
6.28319		2.41		0.000548035
6.28319		2.42		0.000543516
6.28319		2.43		0.000539051
6.28319		2.44		0.000534642
6.28319		2.45		0.000530287
6.28319		2.46		0.000525984
6.28319		2.47		0.000521734
6.28319		2.48		0.000517535
6.28319		2.49		0.000513386
6.28319		2.5		0.000509288
6.28319		2.51		0.000505238
6.28319		2.52		0.000501236
6.28319		2.53		0.000497281
6.28319		2.54		0.000493374
6.28319		2.55		0.000489512
6.28319		2.56		0.000485695
6.28319		2.57		0.000481923
6.28319		2.58		0.000478194
6.28319		2.59		0.000474509
6.28319		2.6		0.000470866
6.28319		2.61		0.000467264
6.28319		2.62		0.000463704
6.28319		2.63		0.000460185
6.28319		2.64		0.000456705
6.28319		2.65		0.000453265
6.28319		2.66		0.000449863
6.28319		2.67		0.0004465
6.28319		2.68		0.000443174
6.28319		2.69		0.000439885
6.28319		2.7		0.000436633
6.28319		2.71		0.000433417
6.28319		2.72		0.000430236
6.28319		2.73		0.00042709
6.28319		2.74		0.000423978
6.28319		2.75		0.0004209
6.28319		2.76		0.000417856
6.28319		2.77		0.000414844
6.28319		2.78		0.000411865
6.28319		2.79		0.000408918
6.28319		2.8		0.000406002
6.28319		2.81		0.000403118
6.28319		2.82		0.000400264
6.28319		2.83		0.00039744
6.28319		2.84		0.000394646
6.28319		2.85		0.000391882
6.28319		2.86		0.000389146
6.28319		2.87		0.000386439
6.28319		2.88		0.00038376
6.28319		2.89		0.000381109
6.28319		2.9		0.000378485
6.28319		2.91		0.000375888
6.28319		2.92		0.000373318
6.28319		2.93		0.000370774
6.28319		2.94		0.000368257
6.28319		2.95		0.000365764
6.28319		2.96		0.000363297
6.28319		2.97		0.000360855
6.28319		2.98		0.000358437
6.28319		2.99		0.000356043
6.28319		3		0.000353674
6.28319		3.01		0.000351328
6.28319		3.02		0.000349005
6.28319		3.03		0.000346705
6.28319		3.04		0.000344428
6.28319		3.05		0.000342173
6.28319		3.06		0.00033994
6.28319		3.07		0.000337729
6.28319		3.08		0.00033554
6.28319		3.09		0.000333372
6.28319		3.1		0.000331224
6.28319		3.11		0.000329098
6.28319		3.12		0.000326992
6.28319		3.13		0.000324905
6.28319		3.14		0.000322839
