0 0.1 8.92668
0 0.2 0.0495421
0 0.3 0.0285763
0 0.4 0.0551544
0 0.5 0.107334
0 0.6 0.180147
0 0.7 0.0568397
0 0.8 0.0317976
0 0.9 0.0531677
0 1 0.114813
0 1.1 0.099985
0 1.2 0.0111531
0 1.3 0.0855975
0 1.4 0.0826463
0 1.5 0.270268
0 1.6 0.111985
0 1.7 0.0676231
0 1.8 0.0695696
0 1.9 0.0451912
0 2 0.0113812
0 2.1 0.0643557
0 2.2 0.00199737
0 2.3 0.0389188
0 2.4 0.00669321
0 2.5 0.0323962
0 2.6 0.0127214
0 2.7 0.0839688
0 2.8 0.0686002
0 2.9 0.126808
0 3 0.0849733
0 3.1 0.0430347
0 3.2 0.0720137
0 3.3 0.0572369
0 3.4 0.0155656
0 3.5 7.02604e-05
0 3.6 0.000850152
0 3.7 0.00172283
0 3.8 0.00138721
0 3.9 0.00980609
0 4 0.00642323
0 4.1 0.0041212
0 4.2 0.00152687
0 4.3 0.0460671
0 4.4 0.0372912
0 4.5 0.00436433
0 4.6 0.00068175
0 4.7 0.0016182
0 4.8 0.000568522
0 4.9 0.0141294
0 5 8.40886e-31
0 5.1 0.00439462
0 5.2 2.06548e-06
0 5.3 9.55043e-31
0 5.4 0.000898909
0 5.5 1.6723e-31
0 5.6 6.79946e-06
0 5.7 1.58688e-31
0 5.8 1.04692e-30
0 5.9 0.000659019
0 6 3.54398e-31
0 6.1 5.09996e-31
0 6.2 3.44841e-31
0 6.3 7.62913e-32
0 6.4 2.0306e-31
0 6.5 1.07025e-30
0 6.6 9.70068e-32
0 6.7 3.18855e-32
0 6.8 0
0 6.9 3.65983e-32
0 7 0
0.628319 0.1 0.623334
0.628319 0.2 0.700519
0.628319 0.3 0.611938
0.628319 0.4 0.942408
0.628319 0.5 0.862442
0.628319 0.6 0.857591
0.628319 0.7 0.811142
0.628319 0.8 0.923496
0.628319 0.9 0.603439
0.628319 1 0.394447
0.628319 1.1 0.310865
0.628319 1.2 0.130858
0.628319 1.3 0.290105
0.628319 1.4 0.111839
0.628319 1.5 0.0910629
0.628319 1.6 0.0673689
0.628319 1.7 0.0701878
0.628319 1.8 0.0713492
0.628319 1.9 0.0664522
0.628319 2 0.0356433
0.628319 2.1 0.0398063
0.628319 2.2 0.0199588
0.628319 2.3 0.0305134
0.628319 2.4 0.0266928
0.628319 2.5 0.044777
0.628319 2.6 0.0920391
0.628319 2.7 0.0504341
0.628319 2.8 0.0157324
0.628319 2.9 0.0325345
0.628319 3 0.0249684
0.628319 3.1 0.0541413
0.628319 3.2 0.0236859
0.628319 3.3 0.0361407
0.628319 3.4 0.0155737
0.628319 3.5 0.0208342
0.628319 3.6 0.0130418
0.628319 3.7 0.0138529
0.628319 3.8 0.0126275
0.628319 3.9 0.004335
0.628319 4 0.0114866
0.628319 4.1 0.0154372
0.628319 4.2 0.0090965
0.628319 4.3 0.00465692
0.628319 4.4 0.000818357
0.628319 4.5 0.00336554
0.628319 4.6 0.000410735
0.628319 4.7 0.00940715
0.628319 4.8 0.00682098
0.628319 4.9 0.0106971
0.628319 5 0.00102434
0.628319 5.1 0.00343946
0.628319 5.2 0.0118174
0.628319 5.3 0.000650503
0.628319 5.4 0.00597524
0.628319 5.5 8.68699e-07
0.628319 5.6 0.000347332
0.628319 5.7 0.0386829
0.628319 5.8 0.000802533
0.628319 5.9 0.000738758
0.628319 6 0.00541527
0.628319 6.1 0.000362708
0.628319 6.2 2.94429e-05
0.628319 6.3 3.13998e-06
0.628319 6.4 0.00281018
0.628319 6.5 3.84029e-31
0.628319 6.6 0.000168238
0.628319 6.7 2.99383e-31
0.628319 6.8 0
0.628319 6.9 3.55405e-05
0.628319 7 0
1.25664 0.1 0.539424
1.25664 0.2 0.439039
1.25664 0.3 0.496016
1.25664 0.4 0.508096
1.25664 0.5 0.53517
1.25664 0.6 0.555456
1.25664 0.7 0.522567
1.25664 0.8 0.711117
1.25664 0.9 0.830361
1.25664 1 0.634837
1.25664 1.1 0.68849
1.25664 1.2 0.560179
1.25664 1.3 1.49152
1.25664 1.4 1.05379
1.25664 1.5 0.569538
1.25664 1.6 0.743693
1.25664 1.7 0.593517
1.25664 1.8 0.250832
1.25664 1.9 0.188178
1.25664 2 0.136871
1.25664 2.1 0.0784195
1.25664 2.2 0.133958
1.25664 2.3 0.0531633
1.25664 2.4 0.0612595
1.25664 2.5 0.0362532
1.25664 2.6 0.0755623
1.25664 2.7 0.0488452
1.25664 2.8 0.1173
1.25664 2.9 0.154797
1.25664 3 0.0401464
1.25664 3.1 0.0352081
1.25664 3.2 0.0195676
1.25664 3.3 0.014372
1.25664 3.4 0.0166233
1.25664 3.5 0.0495187
1.25664 3.6 0.0247678
1.25664 3.7 0.0161212
1.25664 3.8 0.072989
1.25664 3.9 0.00879004
1.25664 4 0.0972581
1.25664 4.1 0.0182864
1.25664 4.2 0.0353109
1.25664 4.3 0.0651848
1.25664 4.4 0.0168563
1.25664 4.5 0.00734411
1.25664 4.6 0.00713395
1.25664 4.7 0.00691777
1.25664 4.8 0.00410093
1.25664 4.9 0.00564241
1.25664 5 0.00607306
1.25664 5.1 0.00434994
1.25664 5.2 0.00035138
1.25664 5.3 0.00203415
1.25664 5.4 0.000436386
1.25664 5.5 0.00132607
1.25664 5.6 0.00191648
1.25664 5.7 0.000247936
1.25664 5.8 0.00412725
1.25664 5.9 0.000550372
1.25664 6 0.0011789
1.25664 6.1 2.16564e-05
1.25664 6.2 0.000168846
1.25664 6.3 0.000277904
1.25664 6.4 0.000213368
1.25664 6.5 9.07272e-32
1.25664 6.6 4.51005e-06
1.25664 6.7 4.56375e-05
1.25664 6.8 0
1.25664 6.9 0.000235991
1.25664 7 0
