0 0.1 9.37619
0 0.2 2.86072e-29
0 0.3 4.2521e-30
0 0.4 1.43718e-29
0 0.5 1.45835e-30
0 0.6 1.80591e-30
0 0.7 2.04871e-30
0 0.8 1.22472e-30
0 0.9 1.2231e-30
0 1 9.77577e-31
0 1.1 3.86862e-31
0 1.2 7.88912e-31
0 1.3 9.36424e-31
0 1.4 4.88925e-31
0 1.5 8.76856e-31
0 1.6 1.00722e-30
0 1.7 4.22984e-31
0 1.8 6.2989e-31
0 1.9 5.50821e-31
0 2 3.93117e-31
0 2.1 1.31391e-30
0 2.2 8.04952e-31
0 2.3 7.87227e-31
0 2.4 1.53568e-31
0 2.5 5.39126e-31
0 2.6 2.47637e-31
0 2.7 7.96727e-31
0 2.8 5.07348e-31
0 2.9 6.05338e-31
0 3 6.69516e-31
0 3.1 1.33227e-31
0 3.2 2.33572e-31
0 3.3 1.61473e-31
0 3.4 2.16177e-31
0 3.5 1.56915e-31
0 3.6 1.65907e-30
0 3.7 1.14457e-31
0 3.8 2.55727e-31
0 3.9 2.37811e-31
0 4 5.5702e-32
0 4.1 2.7163e-32
0 4.2 6.36933e-31
0 4.3 4.55493e-32
0 4.4 5.31538e-33
0 4.5 4.86324e-32
0 4.6 1.47692e-31
0 4.7 5.4436e-31
0 4.8 1.21914e-32
0 4.9 3.68981e-32
0 5 1.02419e-32
0 5.1 1.63937e-32
0 5.2 1.34885e-32
0 5.3 0
0 5.4 1.51985e-31
0 5.5 0
0 5.6 0
0.785398 0.1 0.358723
0.785398 0.2 0.707997
0.785398 0.3 0.570315
0.785398 0.4 0.478782
0.785398 0.5 0.369143
0.785398 0.6 1.00264
0.785398 0.7 0.741486
0.785398 0.8 0.720103
0.785398 0.9 1.11191
0.785398 1 0.948542
0.785398 1.1 0.0559929
0.785398 1.2 0.626407
0.785398 1.3 0.0525118
0.785398 1.4 0.067598
0.785398 1.5 0.221033
0.785398 1.6 0.080448
0.785398 1.7 0.00308411
0.785398 1.8 0.025468
0.785398 1.9 0.0101433
0.785398 2 0.000940331
0.785398 2.1 0.00588816
0.785398 2.2 0.0123777
0.785398 2.3 0.00254507
0.785398 2.4 0.000384229
0.785398 2.5 0.00448726
0.785398 2.6 0.000245847
0.785398 2.7 0.00511299
0.785398 2.8 0.000277865
0.785398 2.9 9.98715e-05
0.785398 3 0.000389699
0.785398 3.1 0.000517734
0.785398 3.2 0.00163093
0.785398 3.3 8.55237e-05
0.785398 3.4 0.000296019
0.785398 3.5 8.41032e-06
0.785398 3.6 0.000114431
0.785398 3.7 6.68179e-05
0.785398 3.8 4.5772e-05
0.785398 3.9 5.04296e-31
0.785398 4 2.18462e-05
0.785398 4.1 3.72448e-31
0.785398 4.2 5.87728e-06
0.785398 4.3 3.01698e-06
0.785398 4.4 8.70532e-32
0.785398 4.5 2.07194e-31
0.785398 4.6 7.69777e-06
0.785398 4.7 1.27171e-31
0.785398 4.8 1.40939e-31
0.785398 4.9 2.05764e-31
0.785398 5 9.0601e-32
0.785398 5.1 7.09372e-32
0.785398 5.2 1.72007e-31
0.785398 5.3 0
0.785398 5.4 2.16025e-31
0.785398 5.5 0
0.785398 5.6 0
1.5708 0.1 0.312028
1.5708 0.2 0.371457
1.5708 0.3 0.424335
1.5708 0.4 0.589884
1.5708 0.5 0.320572
1.5708 0.6 0.81295
1.5708 0.7 0.238852
1.5708 0.8 0.652917
1.5708 0.9 0.774106
1.5708 1 0.691141
1.5708 1.1 0.175314
1.5708 1.2 0.292452
1.5708 1.3 2.09305
1.5708 1.4 0.677705
1.5708 1.5 0.976778
1.5708 1.6 0.870496
1.5708 1.7 0.236758
1.5708 1.8 1.12866
1.5708 1.9 0.969309
1.5708 2 0.161108
1.5708 2.1 0.112601
1.5708 2.2 0.0483121
1.5708 2.3 0.0326983
1.5708 2.4 1.52458e-30
1.5708 2.5 0.013813
1.5708 2.6 0.0629616
1.5708 2.7 2.55878e-30
1.5708 2.8 0.00505771
1.5708 2.9 0.0159837
1.5708 3 0.000189046
1.5708 3.1 0.00200409
1.5708 3.2 0.00118886
1.5708 3.3 0.000125491
1.5708 3.4 0.00181325
1.5708 3.5 1.06866e-30
1.5708 3.6 0.000492556
1.5708 3.7 5.18208e-31
1.5708 3.8 3.93154e-05
1.5708 3.9 7.75214e-05
1.5708 4 4.27333e-31
1.5708 4.1 0.000235442
1.5708 4.2 6.2869e-31
1.5708 4.3 4.14444e-31
1.5708 4.4 7.50179e-32
1.5708 4.5 3.43486e-31
1.5708 4.6 8.17698e-32
1.5708 4.7 6.25196e-06
1.5708 4.8 2.20377e-31
1.5708 4.9 2.96118e-31
1.5708 5 2.71918e-33
1.5708 5.1 2.09374e-32
1.5708 5.2 1.2645e-31
1.5708 5.3 0
1.5708 5.4 4.70243e-32
1.5708 5.5 0
1.5708 5.6 0
2.35619 0.1 0.171551
2.35619 0.2 0.548058
2.35619 0.3 1.26382
2.35619 0.4 0.523431
2.35619 0.5 0.370097
2.35619 0.6 0.968219
2.35619 0.7 2.0465
2.35619 0.8 0.80717
2.35619 0.9 0.282657
2.35619 1 0.277748
2.35619 1.1 0.0733909
2.35619 1.2 2.88118
2.35619 1.3 0.509611
2.35619 1.4 0.530309
2.35619 1.5 0.436943
2.35619 1.6 2.70182
2.35619 1.7 0.532148
2.35619 1.8 0.431349
2.35619 1.9 1.00887
2.35619 2 1.49553
2.35619 2.1 0.545902
2.35619 2.2 0.852013
2.35619 2.3 0.100445
2.35619 2.4 0.000597706
2.35619 2.5 0.427165
2.35619 2.6 0.0255373
2.35619 2.7 0.00927049
2.35619 2.8 0.134121
2.35619 2.9 0.0180348
2.35619 3 0.0230495
2.35619 3.1 0.00609778
2.35619 3.2 1.78665e-30
2.35619 3.3 0.00151891
2.35619 3.4 0.00147513
2.35619 3.5 0.000121187
2.35619 3.6 0.00232571
2.35619 3.7 8.23589e-05
2.35619 3.8 5.51694e-05
2.35619 3.9 8.08771e-31
2.35619 4 0.000238595
2.35619 4.1 2.49353e-05
2.35619 4.2 7.03079e-31
2.35619 4.3 2.84355e-31
2.35619 4.4 1.29247e-31
2.35619 4.5 3.06991e-31
2.35619 4.6 2.03344e-31
2.35619 4.7 4.33611e-31
2.35619 4.8 1.47137e-31
2.35619 4.9 2.98642e-31
2.35619 5 9.53627e-33
2.35619 5.1 1.97555e-07
2.35619 5.2 1.02801e-31
2.35619 5.3 0
2.35619 5.4 3.07599e-31
2.35619 5.5 0
2.35619 5.6 0
3.14159 0.1 0.799779
3.14159 0.2 0.111654
3.14159 0.3 0.292235
3.14159 0.4 1.79348
3.14159 0.5 0.316635
3.14159 0.6 5.30456
3.14159 0.7 0.0169081
3.14159 0.8 0.742496
3.14159 0.9 0.0369416
3.14159 1 1.18108
3.14159 1.1 0.928866
3.14159 1.2 0.202353
3.14159 1.3 0.629991
3.14159 1.4 4.19163
3.14159 1.5 0.647714
3.14159 1.6 1.11248
3.14159 1.7 0.543373
3.14159 1.8 1.87991
3.14159 1.9 0.000533543
3.14159 2 0.387419
3.14159 2.1 1.70611
3.14159 2.2 0.376311
3.14159 2.3 0.407241
3.14159 2.4 0.0927182
3.14159 2.5 0.573299
3.14159 2.6 0.292986
3.14159 2.7 0.198083
3.14159 2.8 0.0905969
3.14159 2.9 2.74336e-30
3.14159 3 1.61346e-30
3.14159 3.1 0.0168135
3.14159 3.2 0.0422708
3.14159 3.3 1.18309e-30
3.14159 3.4 0.000200015
3.14159 3.5 8.82802e-31
3.14159 3.6 0.00244766
3.14159 3.7 8.22457e-31
3.14159 3.8 5.89603e-31
3.14159 3.9 0.000103822
3.14159 4 4.75103e-31
3.14159 4.1 5.40385e-31
3.14159 4.2 1.24802e-30
3.14159 4.3 2.18522e-31
3.14159 4.4 3.77336e-05
3.14159 4.5 3.43573e-31
3.14159 4.6 1.8598e-31
3.14159 4.7 8.44932e-31
3.14159 4.8 1.89091e-31
3.14159 4.9 5.89392e-31
3.14159 5 1.02053e-06
3.14159 5.1 7.69378e-32
3.14159 5.2 4.36271e-31
3.14159 5.3 0
3.14159 5.4 1.06661e-31
3.14159 5.5 0
3.14159 5.6 0
3.92699 0.1 0.171551
3.92699 0.2 0.548058
3.92699 0.3 1.26382
3.92699 0.4 0.523431
3.92699 0.5 0.370097
3.92699 0.6 0.968219
3.92699 0.7 2.0465
3.92699 0.8 0.80717
3.92699 0.9 0.282657
3.92699 1 0.277748
3.92699 1.1 0.0733909
3.92699 1.2 2.88118
3.92699 1.3 0.509611
3.92699 1.4 0.530309
3.92699 1.5 0.436943
3.92699 1.6 2.70182
3.92699 1.7 0.532148
3.92699 1.8 0.431349
3.92699 1.9 1.00887
3.92699 2 1.49553
3.92699 2.1 0.545902
3.92699 2.2 0.852013
3.92699 2.3 0.100445
3.92699 2.4 0.000597706
3.92699 2.5 0.427165
3.92699 2.6 0.0255373
3.92699 2.7 0.00927049
3.92699 2.8 0.134121
3.92699 2.9 0.0180348
3.92699 3 0.0230495
3.92699 3.1 0.00609778
3.92699 3.2 1.76331e-30
3.92699 3.3 0.00151891
3.92699 3.4 0.00147513
3.92699 3.5 0.000121187
3.92699 3.6 0.00232571
3.92699 3.7 8.23589e-05
3.92699 3.8 5.51694e-05
3.92699 3.9 8.19603e-31
3.92699 4 0.000238595
3.92699 4.1 2.49353e-05
3.92699 4.2 7.02575e-31
3.92699 4.3 2.89033e-31
3.92699 4.4 1.22299e-31
3.92699 4.5 3.09667e-31
3.92699 4.6 2.01911e-31
3.92699 4.7 4.36548e-31
3.92699 4.8 1.47602e-31
3.92699 4.9 3.04114e-31
3.92699 5 1.04343e-32
3.92699 5.1 1.97555e-07
3.92699 5.2 1.04146e-31
3.92699 5.3 0
3.92699 5.4 3.07869e-31
3.92699 5.5 0
3.92699 5.6 0
4.71239 0.1 0.312028
4.71239 0.2 0.371457
4.71239 0.3 0.424335
4.71239 0.4 0.589884
4.71239 0.5 0.320572
4.71239 0.6 0.81295
4.71239 0.7 0.238852
4.71239 0.8 0.652917
4.71239 0.9 0.774106
4.71239 1 0.691141
4.71239 1.1 0.175314
4.71239 1.2 0.292452
4.71239 1.3 2.09305
4.71239 1.4 0.677705
4.71239 1.5 0.976778
4.71239 1.6 0.870496
4.71239 1.7 0.236758
4.71239 1.8 1.12866
4.71239 1.9 0.969309
4.71239 2 0.161108
4.71239 2.1 0.112601
4.71239 2.2 0.0483121
4.71239 2.3 0.0326983
4.71239 2.4 1.5622e-30
4.71239 2.5 0.013813
4.71239 2.6 0.0629616
4.71239 2.7 2.56528e-30
4.71239 2.8 0.00505771
4.71239 2.9 0.0159837
4.71239 3 0.000189046
4.71239 3.1 0.00200409
4.71239 3.2 0.00118886
4.71239 3.3 0.000125491
4.71239 3.4 0.00181325
4.71239 3.5 1.05294e-30
4.71239 3.6 0.000492556
4.71239 3.7 5.27716e-31
4.71239 3.8 3.93154e-05
4.71239 3.9 7.75214e-05
4.71239 4 4.2685e-31
4.71239 4.1 0.000235442
4.71239 4.2 6.35745e-31
4.71239 4.3 4.02944e-31
4.71239 4.4 7.47974e-32
4.71239 4.5 3.43526e-31
4.71239 4.6 8.7382e-32
4.71239 4.7 6.25196e-06
4.71239 4.8 2.19066e-31
4.71239 4.9 2.97694e-31
4.71239 5 3.36075e-33
4.71239 5.1 2.09577e-32
4.71239 5.2 1.29049e-31
4.71239 5.3 0
4.71239 5.4 5.02018e-32
4.71239 5.5 0
4.71239 5.6 0
5.49779 0.1 0.358723
5.49779 0.2 0.707997
5.49779 0.3 0.570315
5.49779 0.4 0.478782
5.49779 0.5 0.369143
5.49779 0.6 1.00264
5.49779 0.7 0.741486
5.49779 0.8 0.720103
5.49779 0.9 1.11191
5.49779 1 0.948542
5.49779 1.1 0.0559929
5.49779 1.2 0.626407
5.49779 1.3 0.0525118
5.49779 1.4 0.067598
5.49779 1.5 0.221033
5.49779 1.6 0.080448
5.49779 1.7 0.00308411
5.49779 1.8 0.025468
5.49779 1.9 0.0101433
5.49779 2 0.000940331
5.49779 2.1 0.00588816
5.49779 2.2 0.0123777
5.49779 2.3 0.00254507
5.49779 2.4 0.000384229
5.49779 2.5 0.00448726
5.49779 2.6 0.000245847
5.49779 2.7 0.00511299
5.49779 2.8 0.000277865
5.49779 2.9 9.98715e-05
5.49779 3 0.000389699
5.49779 3.1 0.000517734
5.49779 3.2 0.00163093
5.49779 3.3 8.55237e-05
5.49779 3.4 0.000296019
5.49779 3.5 8.41032e-06
5.49779 3.6 0.000114431
5.49779 3.7 6.68179e-05
5.49779 3.8 4.5772e-05
5.49779 3.9 5.0794e-31
5.49779 4 2.18462e-05
5.49779 4.1 3.75014e-31
5.49779 4.2 5.87728e-06
5.49779 4.3 3.01698e-06
5.49779 4.4 8.6234e-32
5.49779 4.5 2.08475e-31
5.49779 4.6 7.69777e-06
5.49779 4.7 1.31419e-31
5.49779 4.8 1.39926e-31
5.49779 4.9 2.00325e-31
5.49779 5 9.30792e-32
5.49779 5.1 7.14736e-32
5.49779 5.2 1.75039e-31
5.49779 5.3 0
5.49779 5.4 2.17036e-31
5.49779 5.5 0
5.49779 5.6 0
6.28319 0.1 9.37619
6.28319 0.2 2.87954e-29
6.28319 0.3 4.44316e-30
6.28319 0.4 1.45505e-29
6.28319 0.5 1.57095e-30
6.28319 0.6 2.17362e-30
6.28319 0.7 2.28708e-30
6.28319 0.8 1.45089e-30
6.28319 0.9 1.50777e-30
6.28319 1 1.24079e-30
6.28319 1.1 4.25358e-31
6.28319 1.2 1.03904e-30
6.28319 1.3 1.1001e-30
6.28319 1.4 6.24927e-31
6.28319 1.5 1.00579e-30
6.28319 1.6 1.18755e-30
6.28319 1.7 4.64669e-31
6.28319 1.8 7.46167e-31
6.28319 1.9 6.46509e-31
6.28319 2 4.6134e-31
6.28319 2.1 1.36664e-30
6.28319 2.2 8.4597e-31
6.28319 2.3 7.99347e-31
6.28319 2.4 1.55058e-31
6.28319 2.5 5.64483e-31
6.28319 2.6 2.56756e-31
6.28319 2.7 8.01071e-31
6.28319 2.8 5.1378e-31
6.28319 2.9 6.06951e-31
6.28319 3 6.70417e-31
6.28319 3.1 1.3392e-31
6.28319 3.2 2.34611e-31
6.28319 3.3 1.61551e-31
6.28319 3.4 2.16402e-31
6.28319 3.5 1.56921e-31
6.28319 3.6 1.65925e-30
6.28319 3.7 1.14474e-31
6.28319 3.8 2.55741e-31
6.28319 3.9 2.37817e-31
6.28319 4 5.57148e-32
6.28319 4.1 2.7178e-32
6.28319 4.2 6.36934e-31
6.28319 4.3 4.555e-32
6.28319 4.4 5.31594e-33
6.28319 4.5 4.86324e-32
6.28319 4.6 1.47693e-31
6.28319 4.7 5.44361e-31
6.28319 4.8 1.21914e-32
6.28319 4.9 3.68981e-32
6.28319 5 1.02419e-32
6.28319 5.1 1.63937e-32
6.28319 5.2 1.34885e-32
6.28319 5.3 0
6.28319 5.4 1.51985e-31
6.28319 5.5 0
6.28319 5.6 0
